
(0.0136363636364	0.00980392156863	0.005)
(0.0136363636364	0.0196078431373	0.005)
(0.0136363636364	0.0294117647059	0.005)
(0.0136363636364	0.0392156862745	0.005)
(0.0136363636364	0.0490196078431	0.005)
(0.0136363636364	0.0588235294118	0.005)
(0.0136363636364	0.0686274509804	0.005)
(0.0136363636364	0.078431372549	0.005)
(0.0136363636364	0.0882352941176	0.005)
(0.0136363636364	0.0980392156863	0.005)
(0.0136363636364	0.107843137255	0.005)
(0.0136363636364	0.117647058824	0.005)
(0.0136363636364	0.127450980392	0.005)
(0.0136363636364	0.137254901961	0.005)
(0.0136363636364	0.147058823529	0.005)
(0.0136363636364	0.156862745098	0.005)
(0.0136363636364	0.166666666667	0.005)
(0.0136363636364	0.176470588235	0.005)
(0.0136363636364	0.186274509804	0.005)
(0.0136363636364	0.196078431373	0.005)
(0.0136363636364	0.205882352941	0.005)
(0.0136363636364	0.21568627451	0.005)
(0.0136363636364	0.225490196078	0.005)
(0.0136363636364	0.235294117647	0.005)
(0.0136363636364	0.245098039216	0.005)
(0.0136363636364	0.254901960784	0.005)
(0.0136363636364	0.264705882353	0.005)
(0.0136363636364	0.274509803922	0.005)
(0.0136363636364	0.28431372549	0.005)
(0.0136363636364	0.294117647059	0.005)
(0.0136363636364	0.303921568627	0.005)
(0.0136363636364	0.313725490196	0.005)
(0.0136363636364	0.323529411765	0.005)
(0.0136363636364	0.333333333333	0.005)
(0.0136363636364	0.343137254902	0.005)
(0.0136363636364	0.352941176471	0.005)
(0.0136363636364	0.362745098039	0.005)
(0.0136363636364	0.372549019608	0.005)
(0.0136363636364	0.382352941176	0.005)
(0.0136363636364	0.392156862745	0.005)
(0.0136363636364	0.401960784314	0.005)
(0.0136363636364	0.411764705882	0.005)
(0.0136363636364	0.421568627451	0.005)
(0.0136363636364	0.43137254902	0.005)
(0.0136363636364	0.441176470588	0.005)
(0.0136363636364	0.450980392157	0.005)
(0.0136363636364	0.460784313725	0.005)
(0.0136363636364	0.470588235294	0.005)
(0.0136363636364	0.480392156863	0.005)
(0.0136363636364	0.490196078431	0.005)
(0.0272727272727	0.00980392156863	0.005)
(0.0272727272727	0.0196078431373	0.005)
(0.0272727272727	0.0294117647059	0.005)
(0.0272727272727	0.0392156862745	0.005)
(0.0272727272727	0.0490196078431	0.005)
(0.0272727272727	0.0588235294118	0.005)
(0.0272727272727	0.0686274509804	0.005)
(0.0272727272727	0.078431372549	0.005)
(0.0272727272727	0.0882352941176	0.005)
(0.0272727272727	0.0980392156863	0.005)
(0.0272727272727	0.107843137255	0.005)
(0.0272727272727	0.117647058824	0.005)
(0.0272727272727	0.127450980392	0.005)
(0.0272727272727	0.137254901961	0.005)
(0.0272727272727	0.147058823529	0.005)
(0.0272727272727	0.156862745098	0.005)
(0.0272727272727	0.166666666667	0.005)
(0.0272727272727	0.176470588235	0.005)
(0.0272727272727	0.186274509804	0.005)
(0.0272727272727	0.196078431373	0.005)
(0.0272727272727	0.205882352941	0.005)
(0.0272727272727	0.21568627451	0.005)
(0.0272727272727	0.225490196078	0.005)
(0.0272727272727	0.235294117647	0.005)
(0.0272727272727	0.245098039216	0.005)
(0.0272727272727	0.254901960784	0.005)
(0.0272727272727	0.264705882353	0.005)
(0.0272727272727	0.274509803922	0.005)
(0.0272727272727	0.28431372549	0.005)
(0.0272727272727	0.294117647059	0.005)
(0.0272727272727	0.303921568627	0.005)
(0.0272727272727	0.313725490196	0.005)
(0.0272727272727	0.323529411765	0.005)
(0.0272727272727	0.333333333333	0.005)
(0.0272727272727	0.343137254902	0.005)
(0.0272727272727	0.352941176471	0.005)
(0.0272727272727	0.362745098039	0.005)
(0.0272727272727	0.372549019608	0.005)
(0.0272727272727	0.382352941176	0.005)
(0.0272727272727	0.392156862745	0.005)
(0.0272727272727	0.401960784314	0.005)
(0.0272727272727	0.411764705882	0.005)
(0.0272727272727	0.421568627451	0.005)
(0.0272727272727	0.43137254902	0.005)
(0.0272727272727	0.441176470588	0.005)
(0.0272727272727	0.450980392157	0.005)
(0.0272727272727	0.460784313725	0.005)
(0.0272727272727	0.470588235294	0.005)
(0.0272727272727	0.480392156863	0.005)
(0.0272727272727	0.490196078431	0.005)
(0.0409090909091	0.00980392156863	0.005)
(0.0409090909091	0.0196078431373	0.005)
(0.0409090909091	0.0294117647059	0.005)
(0.0409090909091	0.0392156862745	0.005)
(0.0409090909091	0.0490196078431	0.005)
(0.0409090909091	0.0588235294118	0.005)
(0.0409090909091	0.0686274509804	0.005)
(0.0409090909091	0.078431372549	0.005)
(0.0409090909091	0.0882352941176	0.005)
(0.0409090909091	0.0980392156863	0.005)
(0.0409090909091	0.107843137255	0.005)
(0.0409090909091	0.117647058824	0.005)
(0.0409090909091	0.127450980392	0.005)
(0.0409090909091	0.137254901961	0.005)
(0.0409090909091	0.147058823529	0.005)
(0.0409090909091	0.156862745098	0.005)
(0.0409090909091	0.166666666667	0.005)
(0.0409090909091	0.176470588235	0.005)
(0.0409090909091	0.186274509804	0.005)
(0.0409090909091	0.196078431373	0.005)
(0.0409090909091	0.205882352941	0.005)
(0.0409090909091	0.21568627451	0.005)
(0.0409090909091	0.225490196078	0.005)
(0.0409090909091	0.235294117647	0.005)
(0.0409090909091	0.245098039216	0.005)
(0.0409090909091	0.254901960784	0.005)
(0.0409090909091	0.264705882353	0.005)
(0.0409090909091	0.274509803922	0.005)
(0.0409090909091	0.28431372549	0.005)
(0.0409090909091	0.294117647059	0.005)
(0.0409090909091	0.303921568627	0.005)
(0.0409090909091	0.313725490196	0.005)
(0.0409090909091	0.323529411765	0.005)
(0.0409090909091	0.333333333333	0.005)
(0.0409090909091	0.343137254902	0.005)
(0.0409090909091	0.352941176471	0.005)
(0.0409090909091	0.362745098039	0.005)
(0.0409090909091	0.372549019608	0.005)
(0.0409090909091	0.382352941176	0.005)
(0.0409090909091	0.392156862745	0.005)
(0.0409090909091	0.401960784314	0.005)
(0.0409090909091	0.411764705882	0.005)
(0.0409090909091	0.421568627451	0.005)
(0.0409090909091	0.43137254902	0.005)
(0.0409090909091	0.441176470588	0.005)
(0.0409090909091	0.450980392157	0.005)
(0.0409090909091	0.460784313725	0.005)
(0.0409090909091	0.470588235294	0.005)
(0.0409090909091	0.480392156863	0.005)
(0.0409090909091	0.490196078431	0.005)
(0.0545454545455	0.00980392156863	0.005)
(0.0545454545455	0.0196078431373	0.005)
(0.0545454545455	0.0294117647059	0.005)
(0.0545454545455	0.0392156862745	0.005)
(0.0545454545455	0.0490196078431	0.005)
(0.0545454545455	0.0588235294118	0.005)
(0.0545454545455	0.0686274509804	0.005)
(0.0545454545455	0.078431372549	0.005)
(0.0545454545455	0.0882352941176	0.005)
(0.0545454545455	0.0980392156863	0.005)
(0.0545454545455	0.107843137255	0.005)
(0.0545454545455	0.117647058824	0.005)
(0.0545454545455	0.127450980392	0.005)
(0.0545454545455	0.137254901961	0.005)
(0.0545454545455	0.147058823529	0.005)
(0.0545454545455	0.156862745098	0.005)
(0.0545454545455	0.166666666667	0.005)
(0.0545454545455	0.176470588235	0.005)
(0.0545454545455	0.186274509804	0.005)
(0.0545454545455	0.196078431373	0.005)
(0.0545454545455	0.205882352941	0.005)
(0.0545454545455	0.21568627451	0.005)
(0.0545454545455	0.225490196078	0.005)
(0.0545454545455	0.235294117647	0.005)
(0.0545454545455	0.245098039216	0.005)
(0.0545454545455	0.254901960784	0.005)
(0.0545454545455	0.264705882353	0.005)
(0.0545454545455	0.274509803922	0.005)
(0.0545454545455	0.28431372549	0.005)
(0.0545454545455	0.294117647059	0.005)
(0.0545454545455	0.303921568627	0.005)
(0.0545454545455	0.313725490196	0.005)
(0.0545454545455	0.323529411765	0.005)
(0.0545454545455	0.333333333333	0.005)
(0.0545454545455	0.343137254902	0.005)
(0.0545454545455	0.352941176471	0.005)
(0.0545454545455	0.362745098039	0.005)
(0.0545454545455	0.372549019608	0.005)
(0.0545454545455	0.382352941176	0.005)
(0.0545454545455	0.392156862745	0.005)
(0.0545454545455	0.401960784314	0.005)
(0.0545454545455	0.411764705882	0.005)
(0.0545454545455	0.421568627451	0.005)
(0.0545454545455	0.43137254902	0.005)
(0.0545454545455	0.441176470588	0.005)
(0.0545454545455	0.450980392157	0.005)
(0.0545454545455	0.460784313725	0.005)
(0.0545454545455	0.470588235294	0.005)
(0.0545454545455	0.480392156863	0.005)
(0.0545454545455	0.490196078431	0.005)
(0.0681818181818	0.00980392156863	0.005)
(0.0681818181818	0.0196078431373	0.005)
(0.0681818181818	0.0294117647059	0.005)
(0.0681818181818	0.0392156862745	0.005)
(0.0681818181818	0.0490196078431	0.005)
(0.0681818181818	0.0588235294118	0.005)
(0.0681818181818	0.0686274509804	0.005)
(0.0681818181818	0.078431372549	0.005)
(0.0681818181818	0.0882352941176	0.005)
(0.0681818181818	0.0980392156863	0.005)
(0.0681818181818	0.107843137255	0.005)
(0.0681818181818	0.117647058824	0.005)
(0.0681818181818	0.127450980392	0.005)
(0.0681818181818	0.137254901961	0.005)
(0.0681818181818	0.147058823529	0.005)
(0.0681818181818	0.156862745098	0.005)
(0.0681818181818	0.166666666667	0.005)
(0.0681818181818	0.176470588235	0.005)
(0.0681818181818	0.186274509804	0.005)
(0.0681818181818	0.196078431373	0.005)
(0.0681818181818	0.205882352941	0.005)
(0.0681818181818	0.21568627451	0.005)
(0.0681818181818	0.225490196078	0.005)
(0.0681818181818	0.235294117647	0.005)
(0.0681818181818	0.245098039216	0.005)
(0.0681818181818	0.254901960784	0.005)
(0.0681818181818	0.264705882353	0.005)
(0.0681818181818	0.274509803922	0.005)
(0.0681818181818	0.28431372549	0.005)
(0.0681818181818	0.294117647059	0.005)
(0.0681818181818	0.303921568627	0.005)
(0.0681818181818	0.313725490196	0.005)
(0.0681818181818	0.323529411765	0.005)
(0.0681818181818	0.333333333333	0.005)
(0.0681818181818	0.343137254902	0.005)
(0.0681818181818	0.352941176471	0.005)
(0.0681818181818	0.362745098039	0.005)
(0.0681818181818	0.372549019608	0.005)
(0.0681818181818	0.382352941176	0.005)
(0.0681818181818	0.392156862745	0.005)
(0.0681818181818	0.401960784314	0.005)
(0.0681818181818	0.411764705882	0.005)
(0.0681818181818	0.421568627451	0.005)
(0.0681818181818	0.43137254902	0.005)
(0.0681818181818	0.441176470588	0.005)
(0.0681818181818	0.450980392157	0.005)
(0.0681818181818	0.460784313725	0.005)
(0.0681818181818	0.470588235294	0.005)
(0.0681818181818	0.480392156863	0.005)
(0.0681818181818	0.490196078431	0.005)
(0.0818181818182	0.00980392156863	0.005)
(0.0818181818182	0.0196078431373	0.005)
(0.0818181818182	0.0294117647059	0.005)
(0.0818181818182	0.0392156862745	0.005)
(0.0818181818182	0.0490196078431	0.005)
(0.0818181818182	0.0588235294118	0.005)
(0.0818181818182	0.0686274509804	0.005)
(0.0818181818182	0.078431372549	0.005)
(0.0818181818182	0.0882352941176	0.005)
(0.0818181818182	0.0980392156863	0.005)
(0.0818181818182	0.107843137255	0.005)
(0.0818181818182	0.117647058824	0.005)
(0.0818181818182	0.127450980392	0.005)
(0.0818181818182	0.137254901961	0.005)
(0.0818181818182	0.147058823529	0.005)
(0.0818181818182	0.156862745098	0.005)
(0.0818181818182	0.166666666667	0.005)
(0.0818181818182	0.176470588235	0.005)
(0.0818181818182	0.186274509804	0.005)
(0.0818181818182	0.196078431373	0.005)
(0.0818181818182	0.205882352941	0.005)
(0.0818181818182	0.21568627451	0.005)
(0.0818181818182	0.225490196078	0.005)
(0.0818181818182	0.235294117647	0.005)
(0.0818181818182	0.245098039216	0.005)
(0.0818181818182	0.254901960784	0.005)
(0.0818181818182	0.264705882353	0.005)
(0.0818181818182	0.274509803922	0.005)
(0.0818181818182	0.28431372549	0.005)
(0.0818181818182	0.294117647059	0.005)
(0.0818181818182	0.303921568627	0.005)
(0.0818181818182	0.313725490196	0.005)
(0.0818181818182	0.323529411765	0.005)
(0.0818181818182	0.333333333333	0.005)
(0.0818181818182	0.343137254902	0.005)
(0.0818181818182	0.352941176471	0.005)
(0.0818181818182	0.362745098039	0.005)
(0.0818181818182	0.372549019608	0.005)
(0.0818181818182	0.382352941176	0.005)
(0.0818181818182	0.392156862745	0.005)
(0.0818181818182	0.401960784314	0.005)
(0.0818181818182	0.411764705882	0.005)
(0.0818181818182	0.421568627451	0.005)
(0.0818181818182	0.43137254902	0.005)
(0.0818181818182	0.441176470588	0.005)
(0.0818181818182	0.450980392157	0.005)
(0.0818181818182	0.460784313725	0.005)
(0.0818181818182	0.470588235294	0.005)
(0.0818181818182	0.480392156863	0.005)
(0.0818181818182	0.490196078431	0.005)
(0.0954545454545	0.00980392156863	0.005)
(0.0954545454545	0.0196078431373	0.005)
(0.0954545454545	0.0294117647059	0.005)
(0.0954545454545	0.0392156862745	0.005)
(0.0954545454545	0.0490196078431	0.005)
(0.0954545454545	0.0588235294118	0.005)
(0.0954545454545	0.0686274509804	0.005)
(0.0954545454545	0.078431372549	0.005)
(0.0954545454545	0.0882352941176	0.005)
(0.0954545454545	0.0980392156863	0.005)
(0.0954545454545	0.107843137255	0.005)
(0.0954545454545	0.117647058824	0.005)
(0.0954545454545	0.127450980392	0.005)
(0.0954545454545	0.137254901961	0.005)
(0.0954545454545	0.147058823529	0.005)
(0.0954545454545	0.156862745098	0.005)
(0.0954545454545	0.166666666667	0.005)
(0.0954545454545	0.176470588235	0.005)
(0.0954545454545	0.186274509804	0.005)
(0.0954545454545	0.196078431373	0.005)
(0.0954545454545	0.205882352941	0.005)
(0.0954545454545	0.21568627451	0.005)
(0.0954545454545	0.225490196078	0.005)
(0.0954545454545	0.235294117647	0.005)
(0.0954545454545	0.245098039216	0.005)
(0.0954545454545	0.254901960784	0.005)
(0.0954545454545	0.264705882353	0.005)
(0.0954545454545	0.274509803922	0.005)
(0.0954545454545	0.28431372549	0.005)
(0.0954545454545	0.294117647059	0.005)
(0.0954545454545	0.303921568627	0.005)
(0.0954545454545	0.313725490196	0.005)
(0.0954545454545	0.323529411765	0.005)
(0.0954545454545	0.333333333333	0.005)
(0.0954545454545	0.343137254902	0.005)
(0.0954545454545	0.352941176471	0.005)
(0.0954545454545	0.362745098039	0.005)
(0.0954545454545	0.372549019608	0.005)
(0.0954545454545	0.382352941176	0.005)
(0.0954545454545	0.392156862745	0.005)
(0.0954545454545	0.401960784314	0.005)
(0.0954545454545	0.411764705882	0.005)
(0.0954545454545	0.421568627451	0.005)
(0.0954545454545	0.43137254902	0.005)
(0.0954545454545	0.441176470588	0.005)
(0.0954545454545	0.450980392157	0.005)
(0.0954545454545	0.460784313725	0.005)
(0.0954545454545	0.470588235294	0.005)
(0.0954545454545	0.480392156863	0.005)
(0.0954545454545	0.490196078431	0.005)
(0.109090909091	0.00980392156863	0.005)
(0.109090909091	0.0196078431373	0.005)
(0.109090909091	0.0294117647059	0.005)
(0.109090909091	0.0392156862745	0.005)
(0.109090909091	0.0490196078431	0.005)
(0.109090909091	0.0588235294118	0.005)
(0.109090909091	0.0686274509804	0.005)
(0.109090909091	0.078431372549	0.005)
(0.109090909091	0.0882352941176	0.005)
(0.109090909091	0.0980392156863	0.005)
(0.109090909091	0.107843137255	0.005)
(0.109090909091	0.117647058824	0.005)
(0.109090909091	0.127450980392	0.005)
(0.109090909091	0.137254901961	0.005)
(0.109090909091	0.147058823529	0.005)
(0.109090909091	0.156862745098	0.005)
(0.109090909091	0.166666666667	0.005)
(0.109090909091	0.176470588235	0.005)
(0.109090909091	0.186274509804	0.005)
(0.109090909091	0.196078431373	0.005)
(0.109090909091	0.205882352941	0.005)
(0.109090909091	0.21568627451	0.005)
(0.109090909091	0.225490196078	0.005)
(0.109090909091	0.235294117647	0.005)
(0.109090909091	0.245098039216	0.005)
(0.109090909091	0.254901960784	0.005)
(0.109090909091	0.264705882353	0.005)
(0.109090909091	0.274509803922	0.005)
(0.109090909091	0.28431372549	0.005)
(0.109090909091	0.294117647059	0.005)
(0.109090909091	0.303921568627	0.005)
(0.109090909091	0.313725490196	0.005)
(0.109090909091	0.323529411765	0.005)
(0.109090909091	0.333333333333	0.005)
(0.109090909091	0.343137254902	0.005)
(0.109090909091	0.352941176471	0.005)
(0.109090909091	0.362745098039	0.005)
(0.109090909091	0.372549019608	0.005)
(0.109090909091	0.382352941176	0.005)
(0.109090909091	0.392156862745	0.005)
(0.109090909091	0.401960784314	0.005)
(0.109090909091	0.411764705882	0.005)
(0.109090909091	0.421568627451	0.005)
(0.109090909091	0.43137254902	0.005)
(0.109090909091	0.441176470588	0.005)
(0.109090909091	0.450980392157	0.005)
(0.109090909091	0.460784313725	0.005)
(0.109090909091	0.470588235294	0.005)
(0.109090909091	0.480392156863	0.005)
(0.109090909091	0.490196078431	0.005)
(0.122727272727	0.00980392156863	0.005)
(0.122727272727	0.0196078431373	0.005)
(0.122727272727	0.0294117647059	0.005)
(0.122727272727	0.0392156862745	0.005)
(0.122727272727	0.0490196078431	0.005)
(0.122727272727	0.0588235294118	0.005)
(0.122727272727	0.0686274509804	0.005)
(0.122727272727	0.078431372549	0.005)
(0.122727272727	0.0882352941176	0.005)
(0.122727272727	0.0980392156863	0.005)
(0.122727272727	0.107843137255	0.005)
(0.122727272727	0.117647058824	0.005)
(0.122727272727	0.127450980392	0.005)
(0.122727272727	0.137254901961	0.005)
(0.122727272727	0.147058823529	0.005)
(0.122727272727	0.156862745098	0.005)
(0.122727272727	0.166666666667	0.005)
(0.122727272727	0.176470588235	0.005)
(0.122727272727	0.186274509804	0.005)
(0.122727272727	0.196078431373	0.005)
(0.122727272727	0.205882352941	0.005)
(0.122727272727	0.21568627451	0.005)
(0.122727272727	0.225490196078	0.005)
(0.122727272727	0.235294117647	0.005)
(0.122727272727	0.245098039216	0.005)
(0.122727272727	0.254901960784	0.005)
(0.122727272727	0.264705882353	0.005)
(0.122727272727	0.274509803922	0.005)
(0.122727272727	0.28431372549	0.005)
(0.122727272727	0.294117647059	0.005)
(0.122727272727	0.303921568627	0.005)
(0.122727272727	0.313725490196	0.005)
(0.122727272727	0.323529411765	0.005)
(0.122727272727	0.333333333333	0.005)
(0.122727272727	0.343137254902	0.005)
(0.122727272727	0.352941176471	0.005)
(0.122727272727	0.362745098039	0.005)
(0.122727272727	0.372549019608	0.005)
(0.122727272727	0.382352941176	0.005)
(0.122727272727	0.392156862745	0.005)
(0.122727272727	0.401960784314	0.005)
(0.122727272727	0.411764705882	0.005)
(0.122727272727	0.421568627451	0.005)
(0.122727272727	0.43137254902	0.005)
(0.122727272727	0.441176470588	0.005)
(0.122727272727	0.450980392157	0.005)
(0.122727272727	0.460784313725	0.005)
(0.122727272727	0.470588235294	0.005)
(0.122727272727	0.480392156863	0.005)
(0.122727272727	0.490196078431	0.005)
(0.136363636364	0.00980392156863	0.005)
(0.136363636364	0.0196078431373	0.005)
(0.136363636364	0.0294117647059	0.005)
(0.136363636364	0.0392156862745	0.005)
(0.136363636364	0.0490196078431	0.005)
(0.136363636364	0.0588235294118	0.005)
(0.136363636364	0.0686274509804	0.005)
(0.136363636364	0.078431372549	0.005)
(0.136363636364	0.0882352941176	0.005)
(0.136363636364	0.0980392156863	0.005)
(0.136363636364	0.107843137255	0.005)
(0.136363636364	0.117647058824	0.005)
(0.136363636364	0.127450980392	0.005)
(0.136363636364	0.137254901961	0.005)
(0.136363636364	0.147058823529	0.005)
(0.136363636364	0.156862745098	0.005)
(0.136363636364	0.166666666667	0.005)
(0.136363636364	0.176470588235	0.005)
(0.136363636364	0.186274509804	0.005)
(0.136363636364	0.196078431373	0.005)
(0.136363636364	0.205882352941	0.005)
(0.136363636364	0.21568627451	0.005)
(0.136363636364	0.225490196078	0.005)
(0.136363636364	0.235294117647	0.005)
(0.136363636364	0.245098039216	0.005)
(0.136363636364	0.254901960784	0.005)
(0.136363636364	0.264705882353	0.005)
(0.136363636364	0.274509803922	0.005)
(0.136363636364	0.28431372549	0.005)
(0.136363636364	0.294117647059	0.005)
(0.136363636364	0.303921568627	0.005)
(0.136363636364	0.313725490196	0.005)
(0.136363636364	0.323529411765	0.005)
(0.136363636364	0.333333333333	0.005)
(0.136363636364	0.343137254902	0.005)
(0.136363636364	0.352941176471	0.005)
(0.136363636364	0.362745098039	0.005)
(0.136363636364	0.372549019608	0.005)
(0.136363636364	0.382352941176	0.005)
(0.136363636364	0.392156862745	0.005)
(0.136363636364	0.401960784314	0.005)
(0.136363636364	0.411764705882	0.005)
(0.136363636364	0.421568627451	0.005)
(0.136363636364	0.43137254902	0.005)
(0.136363636364	0.441176470588	0.005)
(0.136363636364	0.450980392157	0.005)
(0.136363636364	0.460784313725	0.005)
(0.136363636364	0.470588235294	0.005)
(0.136363636364	0.480392156863	0.005)
(0.136363636364	0.490196078431	0.005)