/*--------------------------------*- C++ -*----------------------------------*\
  =========                 |
  \\      /  F ield         | OpenFOAM: The Open Source CFD Toolbox
   \\    /   O peration     | Website:  https://openfoam.org
    \\  /    A nd           | Version:  dev
     \\/     M anipulation  |
\*---------------------------------------------------------------------------*/
FoamFile
{
    version     2.0;
    format      ascii;
    class       volScalarField::Internal;
    location    "1";
    object      kinematicCloud:UCoeff;
}
// * * * * * * * * * * * * * * * * * * * * * * * * * * * * * * * * * * * * * //

dimensions      [1 0 0 0 0 0 0];

value           nonuniform List<scalar> 
1875
(
1.67466e-07
3.79447e-07
3.66417e-07
2.34071e-07
3.78413e-07
3.75011e-07
3.09618e-07
3.09695e-07
2.6022e-07
3.88703e-07
5.14557e-07
2.60768e-07
4.22151e-07
3.26761e-07
2.32605e-07
0
0
0
0
0
0
0
0
0
0
0
3.79432e-07
3.86315e-07
0
3.84709e-07
3.90104e-07
3.8888e-07
0
3.8066e-07
3.93266e-07
3.93631e-07
0
3.88638e-07
3.87509e-07
0
0
0
0
0
0
0
0
0
0
0
0
1.92219e-07
1.97811e-07
0
1.97814e-07
1.97882e-07
1.97883e-07
0
1.95927e-07
1.96705e-07
1.96712e-07
0
1.9686e-07
2.4101e-07
0
0
0
0
0
0
0
0
0
0
0
0
3.89036e-07
3.95499e-07
0
4.00238e-07
5.92636e-07
3.94601e-07
0
3.91727e-07
5.90147e-07
3.92339e-07
0
3.91424e-07
5.47263e-07
0
0
0
0
0
0
0
0
0
0
0
0
3.98617e-07
3.93147e-07
0
4.05728e-07
1.99035e-07
3.91219e-07
0
3.90696e-07
1.96888e-07
3.90101e-07
0
3.89196e-07
1.95017e-07
0
0
0
0
0
0
0
0
0
0
0
0
2.02812e-07
3.91584e-07
0
2.03023e-07
6.09121e-07
2.74746e-07
0
1.95197e-07
6.00256e-07
3.93484e-07
0
3.88969e-07
3.90502e-07
0
0
0
0
0
0
0
0
0
0
0
0
4.05783e-07
3.90046e-07
0
4.05763e-07
6.10059e-07
3.12544e-07
0
3.8877e-07
5.98806e-07
3.98066e-07
0
3.89773e-07
3.91254e-07
0
0
0
0
0
0
0
0
0
0
0
0
4.05993e-07
2.24998e-07
0
4.06243e-07
6.09085e-07
3.96137e-07
0
3.89537e-07
5.99208e-07
4.01832e-07
0
3.92156e-07
3.95032e-07
0
0
0
0
0
0
0
0
0
0
0
0
4.05804e-07
5.54923e-07
0
2.02726e-07
4.06812e-07
3.9248e-07
0
3.91974e-07
3.99145e-07
1.94702e-07
0
7.75185e-07
2.00118e-07
0
0
0
0
0
0
0
0
0
0
0
0
2.02792e-07
3.92839e-07
0
4.05537e-07
4.10859e-07
3.84668e-07
0
1.95069e-07
3.96196e-07
3.75024e-07
0
3.73682e-07
3.90327e-07
0
0
0
0
0
0
0
0
0
0
0
0
4.05793e-07
4.0582e-07
0
4.04181e-07
1.87883e-07
1.87852e-07
0
3.9023e-07
1.86922e-07
1.81608e-07
0
1.81703e-07
1.86827e-07
0
0
0
0
0
0
0
0
0
0
0
0
4.04194e-07
6.12613e-07
0
1.90866e-07
3.56038e-07
3.74991e-07
0
3.76487e-07
1.77915e-07
3.62699e-07
0
1.81084e-07
3.80383e-07
0
0
0
0
0
0
0
0
0
0
0
0
2.011e-07
1.99016e-07
0
3.50436e-07
1.73525e-07
1.91478e-07
0
3.47697e-07
3.47956e-07
1.83531e-07
0
3.595e-07
1.92998e-07
0
0
0
0
0
0
0
0
0
0
0
0
4.01848e-07
3.69015e-07
0
3.41573e-07
3.47379e-07
3.85331e-07
0
6.80846e-07
1.7482e-07
3.71614e-07
0
1.79334e-07
1.93513e-07
0
0
0
0
0
0
0
0
0
0
0
0
3.93748e-07
3.97571e-07
0
1.707e-07
1.7278e-07
3.92595e-07
0
3.43931e-07
1.79235e-07
1.91139e-07
0
1.79398e-07
3.87598e-07
0
0
0
0
0
0
0
0
0
0
0
0
1.81033e-07
1.76759e-07
0
3.41102e-07
3.47732e-07
1.96216e-07
0
4.5989e-07
1.8169e-07
3.86948e-07
0
3.59329e-07
3.90802e-07
0
0
0
0
0
0
0
0
0
0
0
0
3.53176e-07
9.3853e-08
0
1.716e-07
9.62767e-08
3.94244e-07
0
9.54366e-08
3.64243e-07
1.93332e-07
0
1.80447e-07
1.97455e-07
0
0
0
0
0
0
0
0
0
0
0
0
1.80469e-07
0
0
3.46116e-07
0
1.91143e-07
0
0
1.80402e-07
3.86937e-07
0
3.62902e-07
1.99013e-07
0
0
0
0
0
0
0
0
0
0
0
0
3.70724e-07
0
0
1.74014e-07
0
3.66308e-07
0
0
0
3.85081e-07
0
0
4.01398e-07
0
0
0
0
0
0
0
0
0
0
0
0
0
0
0
1.74714e-07
0
0
0
0
0
0
0
0
2.05568e-07
0
0
0
0
0
0
0
0
0
0
0
0
0
0
0
0
0
0
0
0
0
0
0
0
0
0
0
0
0
0
0
0
0
0
0
0
0
0
0
0
0
0
0
0
0
0
0
0
0
0
0
0
0
0
0
0
0
0
0
0
0
0
0
0
0
0
0
0
0
0
0
0
0
0
0
0
0
0
0
0
0
0
0
0
0
0
0
0
0
0
0
0
0
0
0
0
0
0
0
0
0
0
0
0
0
0
0
0
0
0
0
0
0
0
0
0
0
0
0
0
0
0
0
0
0
0
0
0
0
0
0
0
0
0
0
0
0
0
0
0
0
0
0
0
0
0
0
0
0
0
0
0
0
0
0
0
0
0
0
0
0
0
0
0
0
0
0
0
0
0
0
0
0
0
0
0
0
0
0
0
0
0
0
0
0
0
0
0
0
0
0
0
0
0
0
0
0
0
0
0
0
0
0
0
0
0
0
0
0
0
0
0
0
0
0
0
0
0
0
0
0
0
0
0
0
0
0
0
0
0
0
0
0
0
0
0
0
0
0
0
0
0
0
0
0
0
0
0
0
0
0
0
0
0
0
0
0
0
0
0
0
0
0
0
0
0
0
0
0
0
0
0
0
0
0
0
0
0
0
0
0
0
0
0
0
0
0
0
0
0
0
0
0
0
0
0
0
0
0
0
0
0
0
0
0
0
0
0
0
0
0
0
0
0
0
0
0
0
0
0
0
0
0
0
0
0
0
0
0
0
0
0
0
0
0
0
0
0
0
0
0
0
0
0
0
0
0
0
0
0
0
0
0
0
0
0
0
0
0
0
0
0
0
0
0
0
0
0
0
0
0
0
0
0
0
0
0
0
0
0
0
0
0
0
0
0
0
0
0
0
0
0
0
0
0
0
0
0
0
0
0
0
0
0
0
0
0
0
0
0
0
0
0
0
0
0
0
0
0
0
0
0
0
0
0
0
0
0
0
0
0
0
0
0
0
0
0
0
0
0
0
0
0
0
0
0
0
0
0
0
0
0
0
0
0
0
0
0
0
0
0
0
0
0
0
0
0
0
0
0
0
0
0
0
0
0
0
0
0
0
0
0
0
0
0
0
0
0
0
0
0
0
0
0
0
0
0
0
0
0
0
0
0
0
0
0
0
0
0
0
0
0
0
0
0
0
0
0
0
0
0
0
0
0
0
0
0
0
0
0
0
0
0
0
0
0
0
0
0
0
0
0
0
0
0
0
0
0
0
0
0
0
0
0
0
0
0
0
0
0
0
0
0
0
0
0
0
0
0
0
0
0
0
0
0
0
0
0
0
0
0
0
0
0
0
0
0
0
0
0
0
0
0
0
0
0
0
0
0
0
0
0
0
0
0
0
0
0
0
0
0
0
0
0
0
0
0
0
0
0
0
0
0
0
0
0
0
0
0
0
0
0
0
0
0
0
0
0
0
0
0
0
0
0
0
0
0
0
0
0
0
0
0
0
0
0
0
0
0
0
0
0
0
0
0
0
0
0
0
0
0
0
0
0
0
0
0
0
0
0
0
0
0
0
0
0
0
0
0
0
0
0
0
0
0
0
0
0
0
0
0
0
0
0
0
0
0
0
0
0
0
0
0
0
0
0
0
0
0
0
0
0
0
0
0
0
0
0
0
0
0
0
0
0
0
0
0
0
0
0
0
0
0
0
0
0
0
0
0
0
0
0
0
0
0
0
0
0
0
0
0
0
0
0
0
0
0
0
0
0
0
0
0
0
0
0
0
0
0
0
0
0
0
0
0
0
0
0
0
0
0
0
0
0
0
0
0
0
0
0
0
0
0
0
0
0
0
0
0
0
0
0
0
0
0
0
0
0
0
0
0
0
0
0
0
0
0
0
0
0
0
0
0
0
0
0
0
0
0
0
0
0
0
0
0
0
0
0
0
0
0
0
0
0
0
0
0
0
0
0
0
0
0
0
0
0
0
0
0
0
0
0
0
0
0
0
0
0
0
0
0
0
0
0
0
0
0
0
0
0
0
0
0
0
0
0
0
0
0
0
0
0
0
0
0
0
0
0
0
0
0
0
0
0
0
0
0
0
0
0
0
0
0
0
0
0
0
0
0
0
0
0
0
0
0
0
0
0
0
0
0
0
0
0
0
0
0
0
0
0
0
0
0
0
0
0
0
0
0
0
0
0
0
0
0
0
0
0
0
0
0
0
0
0
0
0
0
0
0
0
0
0
0
0
0
0
0
0
0
0
0
0
0
0
0
0
0
0
0
0
0
0
0
0
0
0
0
0
0
0
0
0
0
0
0
0
0
0
0
0
0
0
0
0
0
0
0
0
0
0
0
0
0
0
0
0
0
0
0
0
0
0
0
0
0
0
0
0
0
0
0
0
0
0
0
0
0
0
0
0
0
0
0
0
0
0
0
0
0
0
0
0
0
0
0
0
0
0
0
0
0
0
0
0
0
0
0
0
0
0
0
0
0
0
0
0
0
0
0
0
0
0
0
0
0
0
0
0
0
0
0
0
0
0
0
0
0
0
0
0
0
0
0
0
0
0
0
0
0
0
0
0
0
0
0
0
0
0
0
0
0
0
0
0
0
0
0
0
0
0
0
0
0
0
0
0
0
0
0
0
0
0
0
0
0
0
0
0
0
0
0
0
0
0
0
0
0
0
0
0
0
0
0
0
0
0
0
0
0
0
0
0
0
0
0
0
0
0
0
0
0
0
0
0
0
0
0
0
0
0
0
0
0
0
0
0
0
0
0
0
0
0
0
0
0
0
0
0
0
0
0
0
0
0
0
0
0
0
0
0
0
0
0
0
0
0
0
0
0
0
0
0
0
0
0
0
0
0
0
0
0
0
0
0
0
0
0
0
0
0
0
0
0
0
0
0
0
0
0
0
0
0
0
0
0
0
0
0
0
0
0
0
0
0
0
0
0
0
0
0
0
0
0
0
0
0
0
0
0
0
0
0
0
0
0
0
0
0
0
0
0
0
0
0
0
0
0
0
0
0
0
0
0
0
0
0
0
0
0
0
0
0
0
0
0
0
0
0
0
0
0
0
0
0
0
0
0
0
0
0
0
0
0
0
0
0
0
0
0
0
0
0
0
0
0
0
0
0
0
0
0
0
0
0
0
0
)
;


// ************************************************************************* //
