/*--------------------------------*- C++ -*----------------------------------*\
  =========                 |
  \\      /  F ield         | OpenFOAM: The Open Source CFD Toolbox
   \\    /   O peration     | Website:  https://openfoam.org
    \\  /    A nd           | Version:  dev
     \\/     M anipulation  |
\*---------------------------------------------------------------------------*/
FoamFile
{
    version     2.0;
    format      ascii;
    class       surfaceScalarField;
    location    "1";
    object      phi;
}
// * * * * * * * * * * * * * * * * * * * * * * * * * * * * * * * * * * * * * //

dimensions      [0 3 -1 0 0 0 0];

internalField   nonuniform List<scalar> 
3650
(
-4.3426e-07
1.04387e-05
-1.03031e-07
9.67325e-06
1.9268e-07
9.70883e-06
-4.23749e-07
1.0621e-05
-2.34214e-07
9.81505e-06
7.83574e-07
8.98682e-06
1.49977e-06
9.28834e-06
1.39672e-06
1.01076e-05
1.7541e-06
9.6471e-06
2.33069e-06
9.42806e-06
3.30102e-06
9.03431e-06
3.87365e-06
9.43182e-06
4.80849e-06
9.06961e-06
5.58128e-06
9.2318e-06
5.95177e-06
9.63398e-06
5.75686e-06
1.01994e-05
5.74909e-06
1.00122e-05
5.4936e-06
1.02599e-05
4.86811e-06
1.063e-05
4.14158e-06
1.0731e-05
3.40668e-06
1.07394e-05
2.6366e-06
1.07745e-05
1.92629e-06
1.07148e-05
1.11372e-06
1.0817e-05
1.11182e-05
-4.36744e-07
1.08838e-05
-3.87894e-07
9.63246e-06
3.09947e-07
9.01931e-06
-6.27921e-07
1.15673e-05
1.0417e-07
9.0914e-06
2.28737e-06
6.81185e-06
4.44964e-06
7.13428e-06
4.28105e-06
1.02845e-05
4.49909e-06
9.43736e-06
6.0545e-06
7.88115e-06
9.15537e-06
5.94177e-06
1.12821e-05
7.31332e-06
1.23076e-05
8.05245e-06
1.3195e-05
8.3528e-06
1.3051e-05
9.78658e-06
1.08494e-05
1.24095e-05
9.30301e-06
1.15671e-05
8.42161e-06
1.11497e-05
7.20226e-06
1.18579e-05
5.69603e-06
1.22458e-05
4.21207e-06
1.22319e-05
2.86654e-06
1.21286e-05
1.51021e-06
1.20796e-05
3.74423e-07
1.19613e-05
1.15011e-05
-1.1978e-06
1.209e-05
-1.85435e-06
1.02967e-05
-1.06472e-06
8.23754e-06
-1.30621e-06
1.18174e-05
-3.37206e-07
8.13053e-06
2.0076e-06
4.47438e-06
4.64101e-06
4.5082e-06
4.7607e-06
1.0173e-05
4.67333e-06
9.53269e-06
6.43987e-06
6.12228e-06
9.70471e-06
2.68391e-06
1.28351e-05
4.19022e-06
1.46137e-05
6.28126e-06
1.5691e-05
7.28347e-06
1.57392e-05
9.74702e-06
1.27789e-05
1.53787e-05
9.88374e-06
1.44713e-05
8.36282e-06
1.26792e-05
7.28795e-06
1.29415e-05
6.25181e-06
1.32907e-05
5.20746e-06
1.3285e-05
3.9794e-06
1.33654e-05
2.67651e-06
1.33912e-05
1.29156e-06
1.33549e-05
1.28012e-05
-7.56087e-07
1.28547e-05
-1.96037e-06
1.15091e-05
-1.15425e-06
7.4392e-06
-1.32074e-06
1.19926e-05
-1.20973e-06
8.02745e-06
9.65766e-07
2.30598e-06
3.86489e-06
1.61587e-06
4.7247e-06
9.32125e-06
4.79424e-06
9.47117e-06
6.30528e-06
4.61876e-06
9.75861e-06
-7.62956e-07
1.27517e-05
1.20398e-06
1.47809e-05
4.25961e-06
1.56589e-05
6.41338e-06
1.56899e-05
9.72404e-06
1.34381e-05
1.764e-05
1.06925e-05
1.72268e-05
8.82764e-06
1.4553e-05
7.54245e-06
1.42356e-05
6.32596e-06
1.45162e-05
5.15108e-06
1.44689e-05
3.85035e-06
1.46751e-05
2.51031e-06
1.47401e-05
1.1341e-06
1.474e-05
1.39441e-05
-4.939e-07
1.33573e-05
-1.91718e-06
1.29412e-05
-1.59253e-06
7.1218e-06
-1.37184e-06
1.17803e-05
-1.63197e-06
8.29533e-06
9.34532e-08
5.86651e-07
3.36513e-06
-1.64983e-06
5.23251e-06
7.46128e-06
5.17898e-06
9.53282e-06
6.24131e-06
3.56325e-06
9.99737e-06
-4.51327e-06
1.34127e-05
-2.20538e-06
1.60914e-05
1.58787e-06
1.67192e-05
5.79301e-06
1.59343e-05
1.05173e-05
1.38895e-05
1.96945e-05
1.13522e-05
1.97748e-05
9.18055e-06
1.6734e-05
7.86413e-06
1.5561e-05
6.62681e-06
1.57627e-05
5.4233e-06
1.56815e-05
4.11827e-06
1.59893e-05
2.81394e-06
1.60537e-05
1.46461e-06
1.60985e-05
1.54176e-05
-7.80009e-07
1.41462e-05
-2.01737e-06
1.4188e-05
-2.15816e-06
7.26988e-06
-2.60641e-06
1.22368e-05
-2.9639e-06
8.66089e-06
-4.14898e-07
-1.95694e-06
4.06165e-06
-6.12147e-06
6.78941e-06
4.74042e-06
6.21466e-06
1.01157e-05
6.99972e-06
2.78477e-06
1.10939e-05
-8.60203e-06
1.41695e-05
-5.27564e-06
1.69203e-05
-1.15643e-06
1.74463e-05
5.27469e-06
1.60201e-05
1.19523e-05
1.43706e-05
2.13541e-05
1.20517e-05
2.21051e-05
9.42374e-06
1.93722e-05
7.90077e-06
1.70933e-05
6.56181e-06
1.7111e-05
5.28983e-06
1.69628e-05
3.96688e-06
1.73217e-05
2.69751e-06
1.73325e-05
1.42815e-06
1.73773e-05
1.6855e-05
-8.29548e-07
1.49846e-05
-1.73706e-06
1.5105e-05
-1.64825e-06
7.18816e-06
-2.41988e-06
1.30168e-05
-3.4122e-06
9.66158e-06
-1.46646e-07
-5.21732e-06
4.91119e-06
-1.11753e-05
8.41051e-06
1.24724e-06
8.20186e-06
1.03325e-05
8.7299e-06
2.26341e-06
1.23688e-05
-1.2237e-05
1.42077e-05
-7.10984e-06
1.65139e-05
-3.45667e-06
1.78396e-05
3.95646e-06
1.7048e-05
1.27533e-05
1.54573e-05
2.29553e-05
1.34685e-05
2.4106e-05
1.06536e-05
2.21981e-05
8.59843e-06
1.9158e-05
6.81903e-06
1.88999e-05
5.24804e-06
1.85432e-05
3.83011e-06
1.87492e-05
2.56176e-06
1.86103e-05
1.41693e-06
1.85316e-05
1.82814e-05
-1.0717e-06
1.60654e-05
-1.9408e-06
1.5984e-05
-8.55816e-08
5.33973e-06
-4.6579e-07
1.34053e-05
-1.18311e-06
1.03872e-05
2.24436e-06
-8.64009e-06
6.27838e-06
-1.52056e-05
9.43354e-06
-1.90202e-06
9.70667e-06
1.00672e-05
1.13722e-05
6.04302e-07
1.40337e-05
-1.48953e-05
1.38276e-05
-6.89933e-06
1.54981e-05
-5.12185e-06
1.76255e-05
1.83674e-06
1.75184e-05
1.28705e-05
1.61155e-05
2.43692e-05
1.41785e-05
2.60561e-05
1.1218e-05
2.51706e-05
8.82766e-06
2.15586e-05
6.85174e-06
2.08858e-05
5.14489e-06
2.02599e-05
3.69986e-06
2.02041e-05
2.49647e-06
1.98236e-05
1.45185e-06
1.95861e-05
1.9743e-05
-1.22111e-06
1.72957e-05
-1.67362e-06
1.64465e-05
2.97278e-06
6.99469e-07
4.56442e-06
1.18218e-05
5.0192e-06
9.94021e-06
7.89472e-06
-1.15119e-05
9.4609e-06
-1.67693e-05
1.05761e-05
-3.01206e-06
1.16734e-05
8.97776e-06
1.51981e-05
-2.91428e-06
1.66913e-05
-1.63856e-05
1.35253e-05
-3.7285e-06
1.51875e-05
-6.77892e-06
1.80695e-05
-1.03783e-06
1.92104e-05
1.17394e-05
1.82031e-05
2.53884e-05
1.55088e-05
2.87641e-05
1.18175e-05
2.88751e-05
8.81726e-06
2.45697e-05
6.56372e-06
2.31496e-05
4.66079e-06
2.2173e-05
3.08273e-06
2.17923e-05
1.94783e-06
2.09685e-05
1.158e-06
2.03859e-05
2.09111e-05
-7.93689e-07
1.80989e-05
-1.38805e-07
1.58015e-05
5.17173e-06
-4.60539e-06
7.7348e-06
9.2663e-06
1.06627e-05
7.01957e-06
1.49645e-05
-1.58111e-05
1.45382e-05
-1.63409e-05
1.12063e-05
3.25624e-07
1.32535e-05
6.93803e-06
1.99458e-05
-9.60157e-06
2.0097e-05
-1.65339e-05
1.48872e-05
1.48717e-06
1.7213e-05
-9.10017e-06
2.0486e-05
-4.30394e-06
2.12775e-05
1.09584e-05
1.95858e-05
2.70926e-05
1.59239e-05
3.24413e-05
1.20622e-05
3.27515e-05
8.63314e-06
2.80106e-05
5.96491e-06
2.58288e-05
3.95384e-06
2.41948e-05
2.41465e-06
2.3342e-05
1.43693e-06
2.19566e-05
9.16041e-07
2.09169e-05
2.18374e-05
-7.72511e-07
1.88809e-05
1.46632e-06
1.35722e-05
5.51207e-06
-8.64635e-06
5.19835e-06
9.58742e-06
1.13858e-05
8.38713e-07
1.88651e-05
-2.32887e-05
1.6703e-05
-1.4176e-05
7.93964e-06
9.09568e-06
1.18532e-05
3.03056e-06
2.22909e-05
-2.00357e-05
2.14765e-05
-1.57164e-05
1.43628e-05
8.60837e-06
1.81048e-05
-1.28384e-05
2.18931e-05
-8.0862e-06
2.15073e-05
1.13543e-05
1.91199e-05
2.9494e-05
1.48709e-05
3.67067e-05
1.05714e-05
3.70664e-05
6.80061e-06
3.17937e-05
4.1874e-06
2.84535e-05
2.41135e-06
2.5982e-05
1.10006e-06
2.46642e-05
4.53848e-07
2.26133e-05
3.99811e-07
2.09811e-05
2.2248e-05
-1.90412e-06
2.07947e-05
1.75643e-06
9.92071e-06
4.58421e-06
-1.14704e-05
1.19261e-06
1.29876e-05
1.01037e-05
-8.06717e-06
1.64923e-05
-2.9676e-05
6.46948e-06
-4.15009e-06
-9.67658e-07
1.65411e-05
1.24021e-05
-1.03323e-05
2.07034e-05
-2.83351e-05
1.49908e-05
-1.00004e-05
9.69681e-06
1.39106e-05
1.65722e-05
-1.97106e-05
1.81366e-05
-9.64541e-06
1.51421e-05
1.43585e-05
1.23984e-05
3.22516e-05
8.38151e-06
4.07414e-05
5.13475e-06
4.033e-05
3.00823e-06
3.39336e-05
1.53133e-06
2.99424e-05
-2.37125e-09
2.75272e-05
-1.05402e-06
2.57272e-05
-1.51658e-06
2.30865e-05
-9.70873e-07
2.04457e-05
2.12887e-05
-3.71236e-06
2.45177e-05
-1.1168e-07
6.32865e-06
7.69806e-07
-1.23486e-05
-2.91618e-06
1.66832e-05
4.97908e-06
-1.59585e-05
3.99261e-06
-2.86898e-05
-9.14516e-06
8.99278e-06
-6.69058e-06
1.40955e-05
9.28226e-06
-2.63015e-05
9.22787e-06
-2.82799e-05
1.66841e-06
-2.43706e-06
2.63273e-06
1.29544e-05
7.78314e-06
-2.48592e-05
1.90563e-06
-3.76345e-06
-3.26269e-06
1.95364e-05
-4.94889e-06
3.39514e-05
-4.99359e-06
4.08035e-05
-3.16888e-06
3.85218e-05
-2.08056e-06
3.2859e-05
-2.06236e-06
2.99364e-05
-2.84276e-06
2.83195e-05
-3.66548e-06
2.65612e-05
-4.09032e-06
2.35223e-05
-2.78395e-06
1.91501e-05
1.85164e-05
-4.4661e-06
2.89961e-05
-2.30502e-06
4.1756e-06
-2.07263e-06
-1.25782e-05
-4.06973e-06
1.86899e-05
2.56051e-07
-2.0282e-05
-2.31873e-06
-2.61155e-05
-8.91609e-06
1.55984e-05
-4.47512e-06
9.6635e-06
2.6913e-06
-3.34675e-05
-5.67459e-07
-2.50209e-05
-3.65152e-06
6.51476e-07
2.11159e-07
9.10001e-06
-9.8598e-07
-2.36614e-05
-1.01255e-05
5.38085e-06
-1.43164e-05
2.37373e-05
-1.39793e-05
3.36278e-05
-1.07143e-05
3.75555e-05
-6.39028e-06
3.42131e-05
-4.78305e-06
3.12652e-05
-4.53373e-06
2.96992e-05
-5.17828e-06
2.89763e-05
-6.39833e-06
2.77934e-05
-6.76151e-06
2.38973e-05
-4.61872e-06
1.70182e-05
1.39084e-05
-5.22619e-06
3.42372e-05
-3.59427e-06
2.55101e-06
-2.20761e-06
-1.39628e-05
-5.01561e-06
2.15092e-05
-3.51797e-06
-2.17783e-05
-2.05412e-06
-2.7579e-05
-4.03267e-06
1.75878e-05
-3.45968e-06
9.0993e-06
-1.03918e-06
-3.58884e-05
-3.50918e-06
-2.25505e-05
-3.89952e-06
1.04768e-06
3.31843e-07
4.87622e-06
-3.42018e-06
-1.99081e-05
-1.16447e-05
1.36122e-05
-1.53325e-05
2.7437e-05
-1.46649e-05
3.29741e-05
-1.12291e-05
3.41356e-05
-7.77756e-06
3.07757e-05
-6.60764e-06
3.01086e-05
-6.39601e-06
2.95001e-05
-6.95028e-06
2.95438e-05
-8.03686e-06
2.8894e-05
-8.45702e-06
2.43304e-05
-6.44182e-06
1.5014e-05
7.47632e-06
-6.33828e-06
4.05937e-05
-4.63386e-06
8.52893e-07
-2.197e-06
-1.63977e-05
-5.89656e-06
2.52212e-05
-6.04073e-06
-2.16332e-05
-2.71187e-06
-3.09077e-05
-1.00957e-06
1.58959e-05
-2.1701e-06
1.02678e-05
-2.59391e-06
-3.54655e-05
-4.65761e-06
-2.04857e-05
-4.29838e-06
6.94424e-07
-1.22909e-07
7.07577e-07
-3.72204e-06
-1.63074e-05
-1.07012e-05
2.06005e-05
-1.39278e-05
3.06767e-05
-1.325e-05
3.23105e-05
-1.0506e-05
3.14065e-05
-8.45333e-06
2.87367e-05
-7.55479e-06
2.92238e-05
-7.13343e-06
2.90924e-05
-7.16919e-06
2.9594e-05
-8.10369e-06
2.98434e-05
-9.2004e-06
2.54408e-05
-8.29261e-06
1.41176e-05
-8.0806e-07
-6.52703e-06
4.71416e-05
-5.96715e-06
2.98688e-07
-2.45183e-06
-1.9911e-05
-5.7461e-06
2.85287e-05
-7.69518e-06
-1.96832e-05
-4.65477e-06
-3.39482e-05
1.6749e-09
1.12491e-05
-1.32539e-06
1.16028e-05
-3.49273e-06
-3.32988e-05
-4.24451e-06
-1.97327e-05
-3.70136e-06
1.57402e-07
-4.25415e-07
-2.56255e-06
-3.48528e-06
-1.32452e-05
-8.70469e-06
2.58315e-05
-1.14207e-05
3.34074e-05
-1.14294e-05
3.23337e-05
-1.0202e-05
3.01939e-05
-9.17755e-06
2.77259e-05
-8.07337e-06
2.81337e-05
-6.91319e-06
2.79468e-05
-6.15697e-06
2.88524e-05
-6.35281e-06
3.00545e-05
-8.20855e-06
2.7311e-05
-8.45259e-06
1.43735e-05
-9.25448e-06
-2.85481e-06
5.00173e-05
-4.48515e-06
1.93481e-06
-1.89089e-06
-2.25039e-05
-3.68853e-06
3.03388e-05
-6.9032e-06
-1.6467e-05
-6.26815e-06
-3.45834e-05
-1.40169e-06
6.39067e-06
-1.01512e-06
1.12238e-05
-3.26826e-06
-3.10457e-05
-3.74098e-06
-1.92585e-05
-2.79032e-06
-7.87122e-07
-3.09984e-07
-5.03803e-06
-3.13027e-06
-1.04219e-05
-7.29499e-06
3.00097e-05
-9.73086e-06
3.58591e-05
-1.03426e-05
3.29602e-05
-1.00706e-05
2.99367e-05
-9.55776e-06
2.72268e-05
-8.09523e-06
2.66853e-05
-6.03168e-06
2.58974e-05
-4.45023e-06
2.72853e-05
-2.43566e-06
2.8055e-05
-3.6452e-06
2.85352e-05
-5.02067e-06
1.57607e-05
-1.42712e-05
1.24359e-06
4.87932e-05
-1.87913e-06
5.06364e-06
-1.91914e-06
-2.2463e-05
-2.04106e-06
3.04726e-05
-5.16388e-06
-1.33424e-05
-6.48285e-06
-3.32647e-05
-3.50388e-06
3.41798e-06
-2.38376e-06
1.01108e-05
-4.67063e-06
-2.87588e-05
-4.75987e-06
-1.91679e-05
-2.65108e-06
-2.89016e-06
-8.73407e-07
-6.81142e-06
-3.52502e-06
-7.76659e-06
-7.07281e-06
3.35728e-05
-9.15018e-06
3.79533e-05
-9.80973e-06
3.36349e-05
-9.89255e-06
3.00341e-05
-9.4738e-06
2.68221e-05
-7.83049e-06
2.50558e-05
-5.53667e-06
2.36171e-05
-3.5954e-06
2.53579e-05
-3.36452e-07
2.48103e-05
5.75067e-07
2.76384e-05
-5.7003e-07
1.69169e-05
-1.48385e-05
3.1479e-06
4.56639e-05
1.03279e-06
7.18542e-06
-7.31817e-07
-2.06972e-05
-1.28064e-06
3.10337e-05
-4.47989e-06
-1.01404e-05
-6.20701e-06
-3.15378e-05
-4.9502e-06
2.16666e-06
-4.96412e-06
1.01318e-05
-6.62231e-06
-2.71003e-05
-6.0485e-06
-1.97403e-05
-2.99256e-06
-5.94109e-06
-1.43813e-06
-8.36198e-06
-4.12208e-06
-5.07814e-06
-7.50192e-06
3.69686e-05
-9.41271e-06
3.98816e-05
-9.97034e-06
3.42081e-05
-9.97203e-06
3.00506e-05
-9.16922e-06
2.60332e-05
-7.71232e-06
2.36123e-05
-5.63093e-06
2.15487e-05
-3.72679e-06
2.34671e-05
-7.80846e-07
2.18778e-05
1.67189e-06
2.51997e-05
1.83154e-06
1.67682e-05
-1.30045e-05
3.25087e-06
4.24309e-05
2.95333e-06
7.48976e-06
4.61088e-07
-1.82034e-05
-3.25949e-07
3.1833e-05
-3.82738e-06
-6.63552e-06
-5.39104e-06
-2.99744e-05
-4.77765e-06
1.55849e-06
-6.4521e-06
1.18133e-05
-7.8572e-06
-2.56947e-05
-6.95423e-06
-2.0642e-05
-3.95803e-06
-8.93316e-06
-2.73558e-06
-9.58081e-06
-5.51003e-06
-2.29851e-06
-8.31747e-06
3.97929e-05
-1.01319e-05
4.17143e-05
-1.07636e-05
3.48556e-05
-1.0501e-05
2.9803e-05
-9.19092e-06
2.47368e-05
-7.7e-06
2.21346e-05
-5.81324e-06
1.96743e-05
-3.92375e-06
2.1591e-05
-1.61441e-06
1.95814e-05
1.25067e-06
2.23482e-05
2.38158e-06
1.56484e-05
-1.062e-05
2.57795e-06
3.98702e-05
4.11776e-06
5.95691e-06
1.62697e-06
-1.57108e-05
8.77192e-07
3.25955e-05
-2.56515e-06
-3.18903e-06
-3.80597e-06
-2.87336e-05
-3.48301e-06
1.24069e-06
-7.15825e-06
1.5496e-05
-8.82344e-06
-2.40288e-05
-7.94631e-06
-2.15181e-05
-5.81027e-06
-1.10658e-05
-4.96679e-06
-1.04209e-05
-7.11973e-06
-1.39932e-07
-9.18435e-06
4.18755e-05
-1.09196e-05
4.34683e-05
-1.18325e-05
3.57847e-05
-1.14489e-05
2.94345e-05
-9.69614e-06
2.29978e-05
-7.78967e-06
2.02415e-05
-5.81776e-06
1.77147e-05
-3.7427e-06
1.9529e-05
-1.88107e-06
1.77319e-05
7.01387e-07
1.97786e-05
2.44449e-06
1.3916e-05
-8.17223e-06
2.57811e-06
3.73091e-05
5.40026e-06
3.14121e-06
2.94617e-06
-1.32546e-05
1.85274e-06
3.3702e-05
-1.01259e-06
-3.19152e-07
-2.22555e-06
-2.75206e-05
-2.28428e-06
1.30444e-06
-7.50932e-06
2.07295e-05
-9.40261e-06
-2.21347e-05
-8.75102e-06
-2.21688e-05
-7.54611e-06
-1.22678e-05
-7.01177e-06
-1.0952e-05
-8.25623e-06
1.1103e-06
-9.49099e-06
4.3129e-05
-1.11263e-05
4.51229e-05
-1.24739e-05
3.71489e-05
-1.23059e-05
2.92817e-05
-1.0303e-05
2.10083e-05
-7.96557e-06
1.79168e-05
-5.61196e-06
1.5373e-05
-3.43542e-06
1.73648e-05
-1.84918e-06
1.61575e-05
5.57719e-07
1.73839e-05
2.66589e-06
1.18183e-05
-5.50277e-06
3.48027e-06
3.38452e-05
6.79795e-06
-1.70809e-07
4.15015e-06
-1.06045e-05
2.16764e-06
3.56979e-05
1.36732e-07
1.7165e-06
-1.12934e-06
-2.62544e-05
-1.38499e-06
1.56493e-06
-7.55719e-06
2.69117e-05
-9.86645e-06
-1.98245e-05
-9.53295e-06
-2.25014e-05
-9.0288e-06
-1.27695e-05
-8.7609e-06
-1.12169e-05
-8.96307e-06
1.31839e-06
-9.2114e-06
4.33967e-05
-1.06335e-05
4.65649e-05
-1.25744e-05
3.91072e-05
-1.29289e-05
2.96519e-05
-1.05157e-05
1.86084e-05
-7.58695e-06
1.50001e-05
-5.08269e-06
1.28798e-05
-2.86046e-06
1.51541e-05
-1.20039e-06
1.45086e-05
1.25586e-06
1.49391e-05
3.20388e-06
9.87965e-06
-2.29511e-06
4.86363e-06
2.8997e-05
8.18329e-06
-3.48581e-06
5.40799e-06
-7.82663e-06
1.81494e-06
3.93052e-05
4.52613e-07
3.08352e-06
-7.5853e-07
-2.50431e-05
-8.84745e-07
1.69582e-06
-7.06863e-06
3.31074e-05
-9.7414e-06
-1.71506e-05
-9.89775e-06
-2.23443e-05
-1.01524e-05
-1.25127e-05
-1.03268e-05
-1.10396e-05
-9.52535e-06
5.22636e-07
-8.39913e-06
4.22898e-05
-9.00935e-06
4.71954e-05
-1.11117e-05
4.12277e-05
-1.16235e-05
3.018e-05
-8.51539e-06
1.55124e-05
-5.67189e-06
1.21664e-05
-3.83337e-06
1.10503e-05
-1.84486e-06
1.31755e-05
-5.80086e-08
1.27312e-05
2.28701e-06
1.26037e-05
3.2738e-06
8.90022e-06
9.82516e-07
6.31779e-06
2.26931e-05
9.37256e-06
-6.53674e-06
6.45609e-06
-4.90725e-06
9.59019e-07
4.48183e-05
-8.55835e-08
4.13263e-06
-1.22238e-06
-2.3906e-05
-8.88046e-07
1.36605e-06
-6.10969e-06
3.8343e-05
-9.10611e-06
-1.41528e-05
-9.82214e-06
-2.16275e-05
-1.07557e-05
-1.15771e-05
-1.15845e-05
-1.02081e-05
-1.01657e-05
-8.90793e-07
-7.22926e-06
3.93723e-05
-6.43527e-06
4.64217e-05
-7.34748e-06
4.21586e-05
-6.91495e-06
2.97638e-05
-4.37799e-06
1.29851e-05
-2.89099e-06
1.06869e-05
-2.11666e-06
1.02828e-05
-7.22009e-07
1.17883e-05
7.07969e-07
1.13084e-05
2.36211e-06
1.09567e-05
2.50566e-06
8.76239e-06
3.49207e-06
6.94559e-06
1.5759e-05
9.3778e-06
-8.966e-06
6.22747e-06
-1.75369e-06
-3.00289e-07
5.13646e-05
-9.86237e-07
4.82303e-06
-2.27321e-06
-2.26186e-05
-1.27684e-06
3.74034e-07
-4.76191e-06
4.18442e-05
-7.76702e-06
-1.1146e-05
-9.14337e-06
-2.02502e-05
-1.06537e-05
-1.00648e-05
-1.22349e-05
-8.62432e-06
-1.08592e-05
-2.26181e-06
-6.29878e-06
3.48298e-05
-4.18984e-06
4.43329e-05
-2.92584e-06
4.09137e-05
-7.70027e-07
2.76235e-05
-4.04924e-08
1.2263e-05
-1.22566e-07
1.07749e-05
-2.03538e-07
1.03693e-05
3.84289e-07
1.12063e-05
1.08866e-06
1.06096e-05
1.80967e-06
1.02411e-05
1.52739e-06
9.04952e-06
5.0234e-06
5.76594e-06
1.00011e-05
7.25014e-06
-1.0448e-05
4.02464e-06
1.47544e-06
-1.31354e-06
5.67238e-05
-1.46247e-06
4.97647e-06
-3.33975e-06
-2.07408e-05
-1.91456e-06
-1.04713e-06
-3.1343e-06
4.30816e-05
-5.90291e-06
-8.3755e-06
-8.01624e-06
-1.8136e-05
-9.93667e-06
-8.14248e-06
-1.21927e-05
-6.36587e-06
-1.14293e-05
-3.02126e-06
-5.98339e-06
2.93998e-05
-2.57466e-06
4.09434e-05
5.88921e-07
3.77688e-05
3.85517e-06
2.43708e-05
3.13324e-06
1.29916e-05
2.07944e-06
1.18342e-05
1.39208e-06
1.10618e-05
1.31351e-06
1.12899e-05
1.36334e-06
1.05647e-05
1.38125e-06
1.02279e-05
9.13671e-07
9.52163e-06
5.941e-06
3.45445e-06
6.55192e-06
3.57575e-06
-1.05676e-05
9.62067e-07
4.09334e-06
-1.22666e-06
5.89357e-05
-1.13191e-06
4.88649e-06
-3.84972e-06
-1.80221e-05
-2.59313e-06
-2.3e-06
-1.32518e-06
4.1832e-05
-3.69475e-06
-6.00364e-06
-6.4569e-06
-1.53729e-05
-8.64352e-06
-5.95396e-06
-1.13182e-05
-3.68881e-06
-1.14886e-05
-2.84759e-06
-6.4052e-06
2.43292e-05
-1.34468e-06
3.59011e-05
3.44629e-06
3.29953e-05
6.1647e-06
2.16632e-05
4.71113e-06
1.44513e-05
3.34355e-06
1.32071e-05
2.33937e-06
1.2071e-05
1.8841e-06
1.17501e-05
1.53217e-06
1.09212e-05
1.18788e-06
1.05767e-05
6.53232e-07
1.00607e-05
6.59806e-06
1.15994e-06
5.39588e-06
-1.66118e-07
-9.24007e-06
-1.56294e-06
5.49517e-06
-4.87669e-08
5.74451e-05
-1.20818e-07
4.96349e-06
-3.56797e-06
-1.4574e-05
-2.96466e-06
-2.9e-06
2.63599e-07
3.86215e-05
-1.60939e-06
-4.1281e-06
-4.77405e-06
-1.22073e-05
-7.00751e-06
-3.71863e-06
-9.75845e-06
-9.35621e-07
-1.05957e-05
-2.00778e-06
-6.6308e-06
2.03738e-05
-6.71246e-07
2.99566e-05
4.62037e-06
2.77177e-05
6.2697e-06
2.00223e-05
4.8009e-06
1.59259e-05
3.64104e-06
1.43723e-05
2.67082e-06
1.30462e-05
2.11359e-06
1.2312e-05
1.59493e-06
1.14444e-05
1.12222e-06
1.10538e-05
5.8779e-07
1.05995e-05
7.18955e-06
-5.94233e-07
5.99345e-06
-2.89498e-06
-6.93796e-06
-3.10071e-06
5.70596e-06
1.38755e-06
5.29788e-05
1.17319e-06
5.18272e-06
-2.67857e-06
-1.07213e-05
-2.94098e-06
-2.6348e-06
1.47581e-06
3.42212e-05
8.52808e-08
-2.73493e-06
-3.17921e-06
-8.94196e-06
-5.27897e-06
-1.61702e-06
-7.78665e-06
1.57425e-06
-8.70795e-06
-1.0844e-06
-5.80044e-06
1.74731e-05
-6.87354e-07
2.48542e-05
3.63642e-06
2.34037e-05
4.73429e-06
1.89311e-05
3.87257e-06
1.67931e-05
3.21041e-06
1.50397e-05
2.50962e-06
1.37519e-05
2.03692e-06
1.27894e-05
1.5273e-06
1.19584e-05
1.07074e-06
1.15146e-05
5.89041e-07
1.10854e-05
7.78213e-06
-1.65012e-06
7.64669e-06
-4.38096e-06
-4.20585e-06
-3.85378e-06
5.18361e-06
2.57355e-06
4.65718e-05
2.38818e-06
5.37255e-06
-1.49445e-06
-6.83775e-06
-2.48387e-06
-1.64325e-06
2.14834e-06
2.96022e-05
1.05103e-06
-1.63535e-06
-2.02802e-06
-5.86211e-06
-3.86898e-06
2.25696e-07
-5.94527e-06
3.65269e-06
-6.73453e-06
-2.93413e-07
-4.65784e-06
1.54014e-05
-1.12444e-06
2.13278e-05
1.77494e-06
2.05109e-05
2.72274e-06
1.79888e-05
2.59742e-06
1.69237e-05
2.45326e-06
1.51888e-05
2.08365e-06
1.41262e-05
1.778e-06
1.30995e-05
1.37054e-06
1.23702e-05
9.97116e-07
1.18922e-05
5.93389e-07
1.14932e-05
8.3789e-06
-2.0095e-06
9.65919e-06
-4.75888e-06
-1.4553e-06
-4.10725e-06
4.53584e-06
3.17724e-06
3.9305e-05
3.1903e-06
5.36315e-06
-3.34879e-07
-3.31176e-06
-1.72559e-06
-2.51034e-07
2.16385e-06
2.57219e-05
1.23949e-06
-7.09282e-07
-1.41543e-06
-3.20645e-06
-2.93067e-06
1.7426e-06
-4.54604e-06
5.2702e-06
-5.27179e-06
4.33879e-07
-3.81783e-06
1.39516e-05
-1.55866e-06
1.9074e-05
2.70963e-07
1.86864e-05
1.17595e-06
1.70888e-05
1.51822e-06
1.65864e-05
1.70208e-06
1.50097e-05
1.58849e-06
1.42442e-05
1.44257e-06
1.32497e-05
1.16277e-06
1.26541e-05
8.93983e-07
1.2165e-05
5.77901e-07
1.18132e-05
8.96001e-06
-1.77053e-06
1.14326e-05
-4.14774e-06
9.22883e-07
-3.75312e-06
4.14383e-06
3.1176e-06
3.24469e-05
3.25973e-06
5.22366e-06
3.92789e-07
-4.44153e-07
-1.08601e-06
1.22883e-06
1.83489e-06
2.28068e-05
9.79148e-07
1.47654e-07
-1.21004e-06
-1.01661e-06
-2.4205e-06
2.95459e-06
-3.65149e-06
6.50331e-06
-4.41188e-06
1.19566e-06
-3.39314e-06
1.29365e-05
-1.86404e-06
1.75497e-05
-6.43188e-07
1.74702e-05
2.07189e-07
1.62431e-05
7.47021e-07
1.60512e-05
1.07839e-06
1.46827e-05
1.12964e-06
1.41972e-05
1.1071e-06
1.32762e-05
9.42166e-07
1.28228e-05
7.68685e-07
1.23422e-05
5.36828e-07
1.20487e-05
9.49985e-06
-1.14314e-06
1.25783e-05
-3.00462e-06
2.78519e-06
-2.96997e-06
4.11075e-06
2.57738e-06
2.69072e-05
2.70973e-06
5.09298e-06
5.89468e-07
1.67661e-06
-7.49949e-07
2.56901e-06
1.42871e-06
2.06321e-05
6.01899e-07
9.75268e-07
-1.21317e-06
7.99004e-07
-2.16241e-06
3.90521e-06
-3.10411e-06
7.44706e-06
-3.91177e-06
2.00459e-06
-3.17719e-06
1.22055e-05
-2.0279e-06
1.6405e-05
-1.12041e-06
1.65672e-05
-3.44809e-07
1.54719e-05
2.27787e-07
1.54829e-05
6.00753e-07
1.43137e-05
7.49061e-07
1.40527e-05
8.06563e-07
1.32224e-05
7.33865e-07
1.28991e-05
6.36787e-07
1.24427e-05
4.79292e-07
1.22096e-05
9.98194e-06
-4.78231e-07
1.30589e-05
-1.86604e-06
4.17365e-06
-2.10624e-06
4.35189e-06
1.94155e-06
2.28638e-05
1.98622e-06
5.04933e-06
4.44629e-07
3.21856e-06
-6.50535e-07
3.66473e-06
1.08955e-06
1.88948e-05
2.88441e-07
1.77688e-06
-1.27782e-06
2.36569e-06
-2.0411e-06
4.6697e-06
-2.77966e-06
8.1876e-06
-3.6198e-06
2.84591e-06
-3.06565e-06
1.16547e-05
-2.10764e-06
1.54513e-05
-1.35436e-06
1.58182e-05
-6.60799e-07
1.47824e-05
-1.25888e-07
1.49519e-05
2.40315e-07
1.39512e-05
4.41901e-07
1.38546e-05
5.48698e-07
1.31189e-05
5.45362e-07
1.29056e-05
5.07513e-07
1.24837e-05
4.14203e-07
1.23059e-05
1.03987e-05
2.03456e-08
1.30405e-05
-1.01345e-06
5.20795e-06
-1.4276e-06
4.76662e-06
1.46983e-06
1.99691e-05
1.37717e-06
5.14256e-06
1.82696e-07
4.41325e-06
-6.99755e-07
4.54747e-06
8.30384e-07
1.73664e-05
4.93009e-08
2.55817e-06
-1.34056e-06
3.75581e-06
-1.97949e-06
5.30968e-06
-2.57301e-06
8.78304e-06
-3.4071e-06
3.68108e-06
-2.97673e-06
1.12275e-05
-2.1323e-06
1.46111e-05
-1.45988e-06
1.51498e-05
-8.53195e-07
1.41794e-05
-3.7175e-07
1.4474e-05
-2.81293e-08
1.36109e-05
1.97997e-07
1.36316e-05
3.3364e-07
1.29863e-05
3.80095e-07
1.2862e-05
3.85552e-07
1.2481e-05
3.46795e-07
1.23474e-05
1.07478e-05
2.92724e-07
1.27493e-05
-5.12158e-07
6.01321e-06
-1.02086e-06
5.27571e-06
1.11829e-06
1.78319e-05
9.51939e-07
5.30927e-06
-7.25091e-08
5.43782e-06
-7.55695e-07
5.23077e-06
6.13395e-07
1.59982e-05
-7.44687e-08
3.246e-06
-1.3857e-06
5.06711e-06
-1.90082e-06
5.82576e-06
-2.38097e-06
9.2651e-06
-3.19274e-06
4.49386e-06
-2.86347e-06
1.09013e-05
-2.1219e-06
1.38734e-05
-1.50804e-06
1.45397e-05
-9.82988e-07
1.36577e-05
-5.47667e-07
1.40418e-05
-2.29736e-07
1.32958e-05
7.21898e-09
1.33974e-05
1.56915e-07
1.28391e-05
2.39369e-07
1.2782e-05
2.76066e-07
1.24466e-05
2.80175e-07
1.23456e-05
1.10299e-05
4.23324e-07
1.2327e-05
-2.66258e-07
6.70303e-06
-7.57257e-07
5.76694e-06
9.38808e-07
1.61374e-05
7.06984e-07
5.54127e-06
-2.90015e-07
6.43489e-06
-8.33996e-07
5.77469e-06
4.82124e-07
1.46822e-05
-1.64267e-07
3.89212e-06
-1.36818e-06
6.2708e-06
-1.90157e-06
6.36025e-06
-2.26422e-06
9.62961e-06
-3.00005e-06
5.23063e-06
-2.73713e-06
1.06414e-05
-2.09623e-06
1.32361e-05
-1.52811e-06
1.39748e-05
-1.07611e-06
1.32085e-05
-6.75176e-07
1.36435e-05
-3.83159e-07
1.30062e-05
-1.44973e-07
1.31615e-05
1.16605e-08
1.26846e-05
1.19076e-07
1.26766e-05
1.81319e-07
1.23864e-05
2.18076e-07
1.23108e-05
1.12496e-05
4.0591e-07
1.19217e-05
-1.37844e-07
7.24695e-06
-6.62375e-07
6.29163e-06
7.84679e-07
1.46915e-05
4.5833e-07
5.8676e-06
-4.08245e-07
7.30151e-06
-1.00862e-06
6.37486e-06
2.35939e-07
1.34372e-05
-1.27685e-06
5.40459e-06
-1.26137e-06
6.25461e-06
-1.89359e-06
6.9945e-06
-1.95761e-06
9.69514e-06
-2.73828e-06
6.01219e-06
-2.55354e-06
1.04593e-05
-2.03271e-06
1.27183e-05
-1.51476e-06
1.34596e-05
-1.13423e-06
1.28303e-05
-7.60871e-07
1.32723e-05
-4.981e-07
1.27453e-05
-2.62426e-07
1.29277e-05
-1.04587e-07
1.25285e-05
2.00755e-08
1.25536e-05
9.93433e-08
1.23087e-05
1.61014e-07
1.22506e-05
1.1412e-05
3.86584e-07
1.15352e-05
2.50432e-07
7.38321e-06
-5.86506e-07
7.12867e-06
6.4726e-07
1.34586e-05
-2.75874e-07
6.79078e-06
1.09951e-07
6.9157e-06
-9.5043e-07
7.43519e-06
1.24069e-07
1.23625e-05
-7.05275e-07
6.23386e-06
-1.02375e-06
6.573e-06
-1.76658e-06
7.73739e-06
-1.82824e-06
9.75624e-06
-2.55601e-06
6.74071e-06
-2.33758e-06
1.02429e-05
-1.9469e-06
1.23299e-05
-1.47269e-06
1.29875e-05
-1.16194e-06
1.25212e-05
-8.17762e-07
1.29297e-05
-5.81618e-07
1.25106e-05
-3.53112e-07
1.27005e-05
-1.96712e-07
1.23734e-05
-6.42492e-08
1.24224e-05
2.66668e-08
1.2219e-05
1.03938e-07
1.21745e-05
1.15169e-05
2.94029e-07
1.12408e-05
2.45009e-08
7.65285e-06
-4.35549e-07
7.58879e-06
4.47588e-07
1.25762e-05
-1.55923e-08
7.254e-06
-2.85697e-07
7.18581e-06
-7.26074e-07
7.87557e-06
2.59314e-07
1.13773e-05
-5.70611e-07
7.06378e-06
-1.1345e-06
7.13688e-06
-1.67002e-06
8.27292e-06
-1.58611e-06
9.67232e-06
-2.41021e-06
7.56493e-06
-2.1513e-06
9.98489e-06
-1.86494e-06
1.20449e-05
-1.42753e-06
1.25513e-05
-1.16236e-06
1.22571e-05
-8.49355e-07
1.26177e-05
-6.34386e-07
1.22966e-05
-4.20093e-07
1.24872e-05
-2.6981e-07
1.2224e-05
-1.32498e-07
1.22859e-05
-3.3616e-08
1.21209e-05
5.35184e-08
1.20881e-05
1.1571e-05
2.6772e-07
1.09731e-05
-6.65062e-08
7.98709e-06
-5.18247e-07
8.04055e-06
4.51713e-07
1.16065e-05
-4.00351e-09
7.70973e-06
-4.1569e-07
7.5975e-06
-8.47059e-07
8.30695e-06
-1.46995e-07
1.06773e-05
-6.35035e-07
7.55182e-06
-1.09656e-06
7.5984e-06
-1.44483e-06
8.62121e-06
-1.53449e-06
9.76208e-06
-1.99198e-06
8.02245e-06
-1.88075e-06
9.87397e-06
-1.69217e-06
1.18569e-05
-1.344e-06
1.22038e-05
-1.136e-06
1.20497e-05
-8.51713e-07
1.23341e-05
-6.70728e-07
1.21161e-05
-4.60283e-07
1.22773e-05
-3.28398e-07
1.20926e-05
-1.81167e-07
1.21392e-05
-8.6713e-08
1.20269e-05
1.57647e-08
1.1986e-05
1.15871e-05
1.78189e-07
1.0795e-05
-6.24277e-08
8.2277e-06
-3.06746e-07
8.28487e-06
1.65398e-07
1.11345e-05
-1.02351e-07
7.97748e-06
-4.14236e-07
7.90938e-06
-6.57618e-07
8.55034e-06
-3.7297e-07
1.03927e-05
-6.97404e-07
7.87625e-06
-1.03959e-06
7.94059e-06
-1.28683e-06
8.86845e-06
-1.4083e-06
9.8836e-06
-1.7166e-06
8.33075e-06
-1.71524e-06
9.8727e-06
-1.54805e-06
1.169e-05
-1.23788e-06
1.18939e-05
-1.10726e-06
1.19193e-05
-8.14625e-07
1.20417e-05
-6.98417e-07
1.20002e-05
-4.71364e-07
1.20505e-05
-3.66387e-07
1.19878e-05
-2.1183e-07
1.19848e-05
-1.22174e-07
1.19375e-05
-2.86593e-08
1.18927e-05
1.15586e-05
1.13031e-07
1.0682e-05
-5.69958e-08
8.39773e-06
-2.16468e-07
8.44434e-06
8.79708e-09
1.09092e-05
-1.81531e-07
8.1678e-06
-4.02859e-07
8.13071e-06
-5.72087e-07
8.71956e-06
-4.90777e-07
1.03114e-05
-7.27958e-07
8.11343e-06
-9.86471e-07
8.1991e-06
-1.1742e-06
9.05618e-06
-1.2849e-06
9.99432e-06
-1.49748e-06
8.54334e-06
-1.52307e-06
9.89831e-06
-1.38043e-06
1.15474e-05
-1.17853e-06
1.16921e-05
-1.02107e-06
1.17619e-05
-8.18237e-07
1.1839e-05
-6.73818e-07
1.18558e-05
-5.01575e-07
1.18783e-05
-3.80225e-07
1.18665e-05
-2.50478e-07
1.18552e-05
-1.47525e-07
1.18346e-05
-5.59363e-08
1.18012e-05
1.15028e-05
7.77652e-08
1.06042e-05
-5.7415e-08
8.53291e-06
-1.78766e-07
8.56569e-06
-7.27665e-08
1.08033e-05
-2.27129e-07
8.32217e-06
-4.00783e-07
8.30436e-06
-5.37185e-07
8.85596e-06
-5.34906e-07
1.03091e-05
-7.29314e-07
8.30783e-06
-9.33063e-07
8.40284e-06
-1.07924e-06
9.20235e-06
-1.16715e-06
1.00822e-05
-1.33086e-06
8.70706e-06
-1.35958e-06
9.92703e-06
-1.24283e-06
1.14307e-05
-1.09539e-06
1.15447e-05
-9.51974e-07
1.16185e-05
-7.9542e-07
1.16824e-05
-6.54398e-07
1.17148e-05
-5.12969e-07
1.17369e-05
-3.88434e-07
1.1742e-05
-2.72541e-07
1.17393e-05
-1.67241e-07
1.17293e-05
-7.40843e-08
1.17081e-05
1.14287e-05
6.36281e-08
1.05406e-05
-5.44175e-08
8.65095e-06
-1.65217e-07
8.67649e-06
-1.0788e-07
1.07459e-05
-2.50407e-07
8.46469e-06
-4.06771e-07
8.46073e-06
-5.25096e-07
8.97429e-06
-5.41156e-07
1.03252e-05
-7.14102e-07
8.48078e-06
-8.89243e-07
8.57799e-06
-1.00669e-06
9.3198e-06
-1.06891e-06
1.01444e-05
-1.21209e-06
8.85025e-06
-1.23916e-06
9.9541e-06
-1.13864e-06
1.13301e-05
-1.01982e-06
1.14259e-05
-8.92377e-07
1.14911e-05
-7.60539e-07
1.15506e-05
-6.33122e-07
1.15874e-05
-5.05134e-07
1.16089e-05
-3.8773e-07
1.16246e-05
-2.7882e-07
1.16304e-05
-1.7849e-07
1.1629e-05
-8.53192e-08
1.16149e-05
1.13434e-05
5.19053e-08
1.04887e-05
-5.90073e-08
8.76187e-06
-1.64692e-07
8.78218e-06
-1.24653e-07
1.07059e-05
-2.61344e-07
8.60138e-06
-4.05053e-07
8.60443e-06
-5.13187e-07
9.08242e-06
-5.29013e-07
1.0341e-05
-6.86082e-07
8.63785e-06
-8.40741e-07
8.73264e-06
-9.39941e-07
9.419e-06
-9.89912e-07
1.01944e-05
-1.11374e-06
8.97408e-06
-1.13607e-06
9.97642e-06
-1.05277e-06
1.12468e-05
-9.48971e-07
1.13221e-05
-8.41471e-07
1.13836e-05
-7.2111e-07
1.14302e-05
-6.02743e-07
1.14691e-05
-4.91566e-07
1.14977e-05
-3.83748e-07
1.15168e-05
-2.80509e-07
1.15272e-05
-1.82507e-07
1.1531e-05
-8.89906e-08
1.15214e-05
1.12544e-05
5.32697e-08
1.04354e-05
-6.07122e-08
8.87585e-06
-1.71127e-07
8.89259e-06
-1.27332e-07
1.06621e-05
-2.62394e-07
8.73644e-06
-3.96217e-07
8.73826e-06
-5.00439e-07
9.18664e-06
-5.0884e-07
1.03494e-05
-6.57241e-07
8.78625e-06
-7.97047e-07
8.87245e-06
-8.85258e-07
9.50721e-06
-9.17225e-07
1.02264e-05
-1.03465e-06
9.0915e-06
-1.05707e-06
9.99885e-06
-9.77191e-07
1.1167e-05
-8.84208e-07
1.12291e-05
-7.86289e-07
1.12857e-05
-6.83523e-07
1.13275e-05
-5.80592e-07
1.13661e-05
-4.78182e-07
1.13953e-05
-3.73488e-07
1.14121e-05
-2.749e-07
1.14286e-05
-1.7971e-07
1.14358e-05
-8.79051e-08
1.14296e-05
1.11665e-05
5.88251e-08
1.03766e-05
-5.58745e-08
8.99055e-06
-1.67355e-07
9.00407e-06
-1.2583e-07
1.06206e-05
-2.56544e-07
8.86716e-06
-3.88648e-07
8.87036e-06
-4.82236e-07
9.28023e-06
-4.86669e-07
1.03539e-05
-6.26995e-07
8.92657e-06
-7.61638e-07
9.00709e-06
-8.39909e-07
9.58548e-06
-8.54704e-07
1.02412e-05
-9.70881e-07
9.20768e-06
-9.98872e-07
1.00268e-05
-9.21403e-07
1.10895e-05
-8.38031e-07
1.11457e-05
-7.38951e-07
1.11866e-05
-6.47354e-07
1.12359e-05
-5.53269e-07
1.1272e-05
-4.55602e-07
1.12976e-05
-3.60852e-07
1.13174e-05
-2.65643e-07
1.13334e-05
-1.74123e-07
1.13443e-05
-8.43959e-08
1.13399e-05
1.10821e-05
5.92481e-08
1.03174e-05
-5.3515e-08
9.10331e-06
-1.60698e-07
9.11125e-06
-1.20427e-07
1.05803e-05
-2.44416e-07
8.99115e-06
-3.80386e-07
9.00633e-06
-4.63141e-07
9.36299e-06
-4.62218e-07
1.03529e-05
-5.94987e-07
9.05934e-06
-7.27326e-07
9.13943e-06
-7.91719e-07
9.64987e-06
-8.07999e-07
1.02575e-05
-9.18627e-07
9.3183e-06
-9.47196e-07
1.00554e-05
-8.71851e-07
1.10142e-05
-7.90173e-07
1.10641e-05
-7.0451e-07
1.1101e-05
-6.15629e-07
1.1147e-05
-5.21895e-07
1.11783e-05
-4.31241e-07
1.1207e-05
-3.45228e-07
1.12314e-05
-2.56787e-07
1.12449e-05
-1.70625e-07
1.12581e-05
-8.35653e-08
1.12528e-05
1.09985e-05
5.89006e-08
1.02585e-05
-5.41941e-08
9.2164e-06
-1.59421e-07
9.21648e-06
-1.09717e-07
1.05306e-05
-2.31591e-07
9.11302e-06
-3.63697e-07
9.13844e-06
-4.45785e-07
9.44507e-06
-4.35313e-07
1.03425e-05
-5.61615e-07
9.18565e-06
-6.91168e-07
9.26899e-06
-7.51402e-07
9.71011e-06
-7.6147e-07
1.02675e-05
-8.71125e-07
9.42796e-06
-8.99992e-07
1.00843e-05
-8.19526e-07
1.09337e-05
-7.36708e-07
1.09812e-05
-6.64241e-07
1.10285e-05
-5.82604e-07
1.10654e-05
-4.97974e-07
1.10937e-05
-4.13936e-07
1.1123e-05
-3.27796e-07
1.11452e-05
-2.44612e-07
1.11617e-05
-1.62312e-07
1.11758e-05
-8.15198e-08
1.1172e-05
1.0917e-05
5.90682e-08
1.01994e-05
-5.12457e-08
9.32672e-06
-1.52137e-07
9.31737e-06
-1.00822e-07
1.04793e-05
-2.2241e-07
9.23461e-06
-3.42903e-07
9.25893e-06
-4.25074e-07
9.52725e-06
-4.1262e-07
1.033e-05
-5.31745e-07
9.30477e-06
-6.51602e-07
9.38884e-06
-7.13987e-07
9.77249e-06
-7.17771e-07
1.02713e-05
-8.23499e-07
9.53369e-06
-8.49637e-07
1.01104e-05
-7.77184e-07
1.08612e-05
-7.01269e-07
1.09053e-05
-6.2607e-07
1.09533e-05
-5.46012e-07
1.09853e-05
-4.69894e-07
1.10176e-05
-3.90844e-07
1.10439e-05
-3.11606e-07
1.1066e-05
-2.32989e-07
1.10831e-05
-1.52366e-07
1.10952e-05
-7.51373e-08
1.10948e-05
1.08419e-05
6.05159e-08
1.01389e-05
-4.22216e-08
9.42946e-06
-1.45894e-07
9.42104e-06
-8.75373e-08
1.04209e-05
-2.11467e-07
9.35854e-06
-3.2403e-07
9.37149e-06
-4.04497e-07
9.60771e-06
-3.84749e-07
1.03103e-05
-5.0662e-07
9.42664e-06
-6.13239e-07
9.49546e-06
-6.75919e-07
9.83517e-06
-6.82207e-07
1.02776e-05
-7.83895e-07
9.63538e-06
-8.02075e-07
1.01286e-05
-7.37371e-07
1.07965e-05
-6.69373e-07
1.08373e-05
-5.95049e-07
1.0879e-05
-5.18343e-07
1.09086e-05
-4.4265e-07
1.09419e-05
-3.67114e-07
1.09684e-05
-2.93108e-07
1.0992e-05
-2.20023e-07
1.101e-05
-1.46129e-07
1.10213e-05
-7.09488e-08
1.10196e-05
1.07709e-05
6.66038e-08
1.00723e-05
-3.50181e-08
9.53108e-06
-1.45932e-07
9.53196e-06
-6.77225e-08
1.03427e-05
-1.97336e-07
9.48815e-06
-3.0706e-07
9.48122e-06
-3.90003e-07
9.69066e-06
-3.5045e-07
1.02707e-05
-4.77465e-07
9.55366e-06
-5.81098e-07
9.5991e-06
-6.44044e-07
9.89812e-06
-6.39508e-07
1.02731e-05
-7.48214e-07
9.74408e-06
-7.68065e-07
1.01485e-05
-6.98232e-07
1.07267e-05
-6.30634e-07
1.07697e-05
-5.58359e-07
1.08067e-05
-4.8953e-07
1.08398e-05
-4.17066e-07
1.08694e-05
-3.4766e-07
1.0899e-05
-2.76523e-07
1.09208e-05
-2.05133e-07
1.09386e-05
-1.37996e-07
1.09542e-05
-6.87663e-08
1.09504e-05
1.07021e-05
7.33063e-08
9.99897e-06
-3.12602e-08
9.63564e-06
-1.43119e-07
9.64382e-06
-5.26552e-08
1.02522e-05
-1.79062e-07
9.61456e-06
-2.93271e-07
9.59543e-06
-3.7428e-07
9.77167e-06
-3.16817e-07
1.02132e-05
-4.41435e-07
9.67828e-06
-5.52266e-07
9.70993e-06
-6.11943e-07
9.9578e-06
-5.92254e-07
1.02534e-05
-7.09806e-07
9.86163e-06
-7.37513e-07
1.01762e-05
-6.62139e-07
1.06513e-05
-5.94372e-07
1.0702e-05
-5.21229e-07
1.07335e-05
-4.53011e-07
1.07715e-05
-3.88855e-07
1.08053e-05
-3.24357e-07
1.08345e-05
-2.5931e-07
1.08558e-05
-1.93185e-07
1.08725e-05
-1.26333e-07
1.08873e-05
-6.36719e-08
1.08877e-05
1.06385e-05
7.25336e-08
9.92643e-06
-3.02212e-08
9.7384e-06
-1.33058e-07
9.74666e-06
-5.06494e-08
1.01698e-05
-1.62088e-07
9.726e-06
-2.78844e-07
9.71218e-06
-3.49265e-07
9.84209e-06
-2.94016e-07
1.0158e-05
-4.07403e-07
9.79166e-06
-5.17071e-07
9.8196e-06
-5.67859e-07
1.00086e-05
-5.49855e-07
1.02354e-05
-6.59993e-07
9.97177e-06
-6.92248e-07
1.02084e-05
-6.20098e-07
1.05792e-05
-5.50798e-07
1.06327e-05
-4.84977e-07
1.06677e-05
-4.23025e-07
1.07096e-05
-3.6234e-07
1.07446e-05
-2.99777e-07
1.07719e-05
-2.39139e-07
1.07952e-05
-1.79957e-07
1.08133e-05
-1.184e-07
1.08257e-05
-5.8032e-08
1.08273e-05
1.05804e-05
5.71118e-08
9.86932e-06
-3.30291e-08
9.82854e-06
-1.20037e-07
9.83366e-06
-6.02274e-08
1.011e-05
-1.54103e-07
9.81987e-06
-2.57021e-07
9.8151e-06
-3.17227e-07
9.90229e-06
-2.79373e-07
1.01201e-05
-3.75175e-07
9.88746e-06
-4.72702e-07
9.91712e-06
-5.17262e-07
1.00531e-05
-5.06971e-07
1.02251e-05
-6.00496e-07
1.00653e-05
-6.31887e-07
1.02398e-05
-5.68198e-07
1.05155e-05
-5.01342e-07
1.05658e-05
-4.46147e-07
1.06125e-05
-3.90976e-07
1.06544e-05
-3.34049e-07
1.06876e-05
-2.77144e-07
1.0715e-05
-2.20702e-07
1.07387e-05
-1.65385e-07
1.0758e-05
-1.10616e-07
1.0771e-05
-5.39771e-08
1.07707e-05
1.05265e-05
3.42358e-08
9.83509e-06
-3.78576e-08
9.90063e-06
-1.08723e-07
9.90453e-06
-7.27814e-08
1.00741e-05
-1.49465e-07
9.89656e-06
-2.33119e-07
9.89875e-06
-2.86286e-07
9.95546e-06
-2.66038e-07
1.00999e-05
-3.42878e-07
9.96431e-06
-4.23482e-07
9.99773e-06
-4.64896e-07
1.00946e-05
-4.58799e-07
1.0219e-05
-5.33536e-07
1.014e-05
-5.6122e-07
1.02675e-05
-5.08485e-07
1.04628e-05
-4.53562e-07
1.05109e-05
-4.04506e-07
1.05635e-05
-3.52344e-07
1.06023e-05
-3.02465e-07
1.06378e-05
-2.53213e-07
1.06657e-05
-2.03509e-07
1.0689e-05
-1.52749e-07
1.07073e-05
-1.00415e-07
1.07186e-05
-4.99232e-08
1.07202e-05
1.04765e-05
1.59654e-08
9.81912e-06
-4.03775e-08
9.95698e-06
-9.71609e-08
9.96131e-06
-8.17051e-08
1.00586e-05
-1.43497e-07
9.95835e-06
-2.10307e-07
9.96556e-06
-2.57989e-07
1.00031e-05
-2.50505e-07
1.00924e-05
-3.13325e-07
1.00271e-05
-3.76358e-07
1.00608e-05
-4.11932e-07
1.01301e-05
-4.1226e-07
1.02193e-05
-4.65218e-07
1.0193e-05
-4.8621e-07
1.02885e-05
-4.46145e-07
1.04227e-05
-4.06284e-07
1.0471e-05
-3.62374e-07
1.05196e-05
-3.19838e-07
1.05597e-05
-2.76021e-07
1.0594e-05
-2.30174e-07
1.06199e-05
-1.84059e-07
1.06429e-05
-1.37716e-07
1.06609e-05
-9.20909e-08
1.0673e-05
-4.53376e-08
1.06735e-05
1.04312e-05
8.48623e-10
9.81827e-06
-4.33275e-08
1.00012e-05
-8.76164e-08
1.00056e-05
-8.75795e-08
1.00586e-05
-1.36843e-07
1.00076e-05
-1.90245e-07
1.0019e-05
-2.2933e-07
1.00422e-05
-2.36108e-07
1.00992e-05
-2.84685e-07
1.00757e-05
-3.33298e-07
1.01094e-05
-3.59898e-07
1.01567e-05
-3.67987e-07
1.02274e-05
-4.02605e-07
1.02276e-05
-4.1441e-07
1.03003e-05
-3.88109e-07
1.03964e-05
-3.57672e-07
1.04406e-05
-3.22131e-07
1.0484e-05
-2.87036e-07
1.05246e-05
-2.48415e-07
1.05553e-05
-2.07995e-07
1.05795e-05
-1.65873e-07
1.06008e-05
-1.24005e-07
1.06191e-05
-8.42866e-08
1.06333e-05
-4.13677e-08
1.06305e-05
1.03898e-05
-1.07082e-08
9.82898e-06
-4.5159e-08
1.00356e-05
-8.04773e-08
1.00409e-05
-8.97515e-08
1.00679e-05
-1.2879e-07
1.00467e-05
-1.70377e-07
1.00606e-05
-2.03228e-07
1.00751e-05
-2.19821e-07
1.01158e-05
-2.5603e-07
1.01119e-05
-2.91122e-07
1.01445e-05
-3.14627e-07
1.01802e-05
-3.23003e-07
1.02358e-05
-3.46525e-07
1.02511e-05
-3.53561e-07
1.03073e-05
-3.34426e-07
1.03773e-05
-3.11739e-07
1.04179e-05
-2.85975e-07
1.04583e-05
-2.53248e-07
1.04919e-05
-2.18541e-07
1.05206e-05
-1.85854e-07
1.05468e-05
-1.5089e-07
1.05658e-05
-1.14076e-07
1.05822e-05
-7.41524e-08
1.05934e-05
-3.73302e-08
1.05937e-05
1.03525e-05
-1.64986e-08
9.84548e-06
-4.4257e-08
1.00634e-05
-7.35881e-08
1.00703e-05
-9.02297e-08
1.00845e-05
-1.21934e-07
1.00784e-05
-1.53264e-07
1.00919e-05
-1.82767e-07
1.01046e-05
-2.00894e-07
1.01339e-05
-2.3052e-07
1.01415e-05
-2.55464e-07
1.01694e-05
-2.7696e-07
1.02017e-05
-2.83872e-07
1.02427e-05
-3.00251e-07
1.02675e-05
-3.05193e-07
1.03123e-05
-2.89062e-07
1.03611e-05
-2.72573e-07
1.04014e-05
-2.51231e-07
1.04369e-05
-2.2387e-07
1.04646e-05
-1.94897e-07
1.04917e-05
-1.64878e-07
1.05168e-05
-1.34778e-07
1.05357e-05
-1.01974e-07
1.05494e-05
-6.60325e-08
1.05574e-05
-3.26365e-08
1.05603e-05
1.03199e-05
-1.73393e-08
9.86282e-06
-4.06225e-08
1.00866e-05
-6.50495e-08
1.00947e-05
-8.60395e-08
1.01055e-05
-1.1271e-07
1.0105e-05
-1.37537e-07
1.01167e-05
-1.62457e-07
1.01295e-05
-1.81871e-07
1.01533e-05
-2.04762e-07
1.01644e-05
-2.24869e-07
1.01895e-05
-2.40407e-07
1.02173e-05
-2.49743e-07
1.0252e-05
-2.59287e-07
1.02771e-05
-2.60896e-07
1.03139e-05
-2.51908e-07
1.03521e-05
-2.36533e-07
1.0386e-05
-2.17739e-07
1.04181e-05
-1.97577e-07
1.04444e-05
-1.74614e-07
1.04687e-05
-1.46995e-07
1.04892e-05
-1.18499e-07
1.05072e-05
-8.85487e-08
1.05195e-05
-6.06622e-08
1.05296e-05
-2.93985e-08
1.05291e-05
1.02905e-05
-1.71342e-08
9.87995e-06
-3.89244e-08
1.01084e-05
-6.08761e-08
1.01166e-05
-7.97402e-08
1.01244e-05
-1.03278e-07
1.01286e-05
-1.25006e-07
1.01384e-05
-1.46493e-07
1.0151e-05
-1.63435e-07
1.01703e-05
-1.82102e-07
1.01831e-05
-1.98958e-07
1.02064e-05
-2.11171e-07
1.02295e-05
-2.1851e-07
1.02594e-05
-2.24897e-07
1.02834e-05
-2.25411e-07
1.03144e-05
-2.19507e-07
1.03462e-05
-2.07013e-07
1.03736e-05
-1.90741e-07
1.04019e-05
-1.72984e-07
1.04266e-05
-1.53108e-07
1.04488e-05
-1.30373e-07
1.04664e-05
-1.04536e-07
1.04814e-05
-7.84451e-08
1.04934e-05
-5.43121e-08
1.05054e-05
-2.69142e-08
1.05017e-05
1.02636e-05
-1.70913e-08
9.89705e-06
-3.61611e-08
1.01275e-05
-5.48898e-08
1.01354e-05
-7.29382e-08
1.01424e-05
-9.18635e-08
1.01475e-05
-1.11317e-07
1.01579e-05
-1.29047e-07
1.01687e-05
-1.44415e-07
1.01856e-05
-1.60719e-07
1.01994e-05
-1.73703e-07
1.02194e-05
-1.84197e-07
1.024e-05
-1.90322e-07
1.02655e-05
-1.94738e-07
1.02879e-05
-1.94669e-07
1.03143e-05
-1.89869e-07
1.03414e-05
-1.80612e-07
1.03643e-05
-1.6735e-07
1.03886e-05
-1.52057e-07
1.04113e-05
-1.33286e-07
1.043e-05
-1.14254e-07
1.04474e-05
-9.27146e-08
1.04598e-05
-7.14666e-08
1.04722e-05
-4.6661e-08
1.04806e-05
-2.35612e-08
1.04786e-05
1.024e-05
-1.65424e-08
9.91359e-06
-3.30703e-08
1.0144e-05
-5.01086e-08
1.01524e-05
-6.66009e-08
1.01589e-05
-8.31154e-08
1.0164e-05
-9.9396e-08
1.01742e-05
-1.14868e-07
1.01842e-05
-1.27888e-07
1.01987e-05
-1.42063e-07
1.02136e-05
-1.52573e-07
1.02299e-05
-1.61505e-07
1.02489e-05
-1.66263e-07
1.02703e-05
-1.69372e-07
1.0291e-05
-1.68445e-07
1.03134e-05
-1.63376e-07
1.03364e-05
-1.5699e-07
1.03579e-05
-1.46168e-07
1.03778e-05
-1.32724e-07
1.03979e-05
-1.16925e-07
1.04142e-05
-9.92732e-08
1.04297e-05
-8.16282e-08
1.04422e-05
-6.22432e-08
1.04528e-05
-4.04694e-08
1.04588e-05
-1.97478e-08
1.04579e-05
1.02203e-05
-1.46071e-08
9.9282e-06
-2.97026e-08
1.01591e-05
-4.52783e-08
1.0168e-05
-5.94613e-08
1.01731e-05
-7.4791e-08
1.01793e-05
-8.83864e-08
1.01878e-05
-1.0238e-07
1.01982e-05
-1.13623e-07
1.02099e-05
-1.24323e-07
1.02243e-05
-1.33457e-07
1.0239e-05
-1.40905e-07
1.02564e-05
-1.44852e-07
1.02742e-05
-1.46991e-07
1.02931e-05
-1.46296e-07
1.03127e-05
-1.41941e-07
1.0332e-05
-1.3611e-07
1.03521e-05
-1.28184e-07
1.03699e-05
-1.15914e-07
1.03856e-05
-1.02555e-07
1.04009e-05
-8.72903e-08
1.04145e-05
-7.1756e-08
1.04267e-05
-5.39821e-08
1.0435e-05
-3.61458e-08
1.0441e-05
-1.73693e-08
1.04391e-05
1.02029e-05
-1.32837e-08
9.94148e-06
-2.66001e-08
1.01725e-05
-3.98757e-08
1.01813e-05
-5.30826e-08
1.01863e-05
-6.62501e-08
1.01925e-05
-7.85981e-08
1.02001e-05
-9.00155e-08
1.02096e-05
-1.0114e-07
1.0221e-05
-1.09537e-07
1.02327e-05
-1.17382e-07
1.02469e-05
-1.2315e-07
1.02621e-05
-1.27053e-07
1.02781e-05
-1.28416e-07
1.02945e-05
-1.27635e-07
1.03119e-05
-1.24099e-07
1.03285e-05
-1.18442e-07
1.03464e-05
-1.11129e-07
1.03625e-05
-1.01908e-07
1.03764e-05
-9.05142e-08
1.03895e-05
-7.78647e-08
1.04018e-05
-6.3313e-08
1.04121e-05
-4.80608e-08
1.04197e-05
-3.23815e-08
1.04253e-05
-1.65311e-08
1.04232e-05
1.01864e-05
-1.1976e-08
9.95346e-06
-2.33427e-08
1.01838e-05
-3.49135e-08
1.01928e-05
-4.65234e-08
1.01979e-05
-5.76481e-08
1.02036e-05
-6.82833e-08
1.02108e-05
-7.82899e-08
1.02196e-05
-8.68539e-08
1.02296e-05
-9.49556e-08
1.02408e-05
-1.01449e-07
1.02533e-05
-1.06161e-07
1.02668e-05
-1.09407e-07
1.02814e-05
-1.10915e-07
1.0296e-05
-1.10004e-07
1.0311e-05
-1.07251e-07
1.03257e-05
-1.0236e-07
1.03415e-05
-9.49434e-08
1.03551e-05
-8.73401e-08
1.03688e-05
-7.78672e-08
1.038e-05
-6.68331e-08
1.03908e-05
-5.43255e-08
1.03996e-05
-4.1375e-08
1.04068e-05
-2.78718e-08
1.04118e-05
-1.34377e-08
1.04088e-05
1.01729e-05
-8.77056e-09
9.96223e-06
-2.00502e-08
1.01951e-05
-3.06863e-08
1.02035e-05
-4.07049e-08
1.02079e-05
-5.10634e-08
1.0214e-05
-6.03988e-08
1.02201e-05
-6.90328e-08
1.02283e-05
-7.57229e-08
1.02363e-05
-8.28608e-08
1.02479e-05
-8.81119e-08
1.02586e-05
-9.18266e-08
1.02706e-05
-9.42851e-08
1.02838e-05
-9.5628e-08
1.02973e-05
-9.48977e-08
1.03103e-05
-9.29073e-08
1.03237e-05
-8.84793e-08
1.03371e-05
-8.22528e-08
1.03489e-05
-7.49745e-08
1.03615e-05
-6.67572e-08
1.03718e-05
-5.6991e-08
1.0381e-05
-4.67014e-08
1.03893e-05
-3.55724e-08
1.03957e-05
-2.46068e-08
1.04009e-05
-1.27086e-08
1.03969e-05
1.01602e-05
-9.12518e-09
9.97136e-06
-1.82609e-08
1.02042e-05
-2.77737e-08
1.0213e-05
-3.61538e-08
1.02163e-05
-4.47768e-08
1.02226e-05
-5.3e-08
1.02283e-05
-6.04368e-08
1.02357e-05
-6.70301e-08
1.02429e-05
-7.29137e-08
1.02538e-05
-7.76516e-08
1.02633e-05
-8.12239e-08
1.02741e-05
-8.32259e-08
1.02858e-05
-8.43586e-08
1.02985e-05
-8.40908e-08
1.031e-05
-8.22483e-08
1.03219e-05
-7.86453e-08
1.03335e-05
-7.36083e-08
1.03439e-05
-6.67277e-08
1.03547e-05
-5.94732e-08
1.03646e-05
-5.07768e-08
1.03723e-05
-4.14917e-08
1.038e-05
-3.1709e-08
1.03859e-05
-2.13582e-08
1.03905e-05
-1.01234e-08
1.03857e-05
1.01501e-05
-7.14117e-09
9.9785e-06
-1.48269e-08
1.02119e-05
-2.34216e-08
1.02216e-05
-3.05857e-08
1.02235e-05
-3.72035e-08
1.02292e-05
-4.39742e-08
1.02351e-05
-4.99547e-08
1.02417e-05
-5.56515e-08
1.02486e-05
-6.01195e-08
1.02583e-05
-6.40506e-08
1.02673e-05
-6.70632e-08
1.02771e-05
-6.85178e-08
1.02873e-05
-6.89177e-08
1.02989e-05
-6.84639e-08
1.03096e-05
-6.66059e-08
1.032e-05
-6.34696e-08
1.03304e-05
-5.95137e-08
1.03399e-05
-5.40622e-08
1.03492e-05
-4.80109e-08
1.03585e-05
-4.10883e-08
1.03654e-05
-3.34465e-08
1.03724e-05
-2.52475e-08
1.03777e-05
-1.74945e-08
1.03828e-05
-8.3705e-09
1.03765e-05
1.01417e-05
-5.582e-09
9.98408e-06
-1.44301e-08
1.02208e-05
-2.10781e-08
1.02282e-05
-2.77107e-08
1.02301e-05
-3.37461e-08
1.02353e-05
-3.96957e-08
1.0241e-05
-4.50513e-08
1.0247e-05
-5.01484e-08
1.02537e-05
-5.3963e-08
1.02621e-05
-5.75443e-08
1.02708e-05
-6.00156e-08
1.02796e-05
-6.13343e-08
1.02886e-05
-6.16628e-08
1.02992e-05
-6.12443e-08
1.03091e-05
-5.95202e-08
1.03183e-05
-5.67799e-08
1.03276e-05
-5.36253e-08
1.03368e-05
-4.94119e-08
1.0345e-05
-4.41821e-08
1.03533e-05
-3.84564e-08
1.03597e-05
-3.15545e-08
1.03655e-05
-2.36976e-08
1.03698e-05
-1.53239e-08
1.03744e-05
-9.52923e-09
1.03707e-05
1.01322e-05
-5.38113e-09
-9.4357e-09
-1.48183e-08
-2.02508e-08
-2.48275e-08
-2.91788e-08
-3.32012e-08
-3.70533e-08
-3.99999e-08
-4.2457e-08
-4.42457e-08
-4.55163e-08
-4.57854e-08
-4.5189e-08
-4.3999e-08
-4.22303e-08
-3.99582e-08
-3.69362e-08
-3.29462e-08
-2.84036e-08
-2.31211e-08
-1.79561e-08
-1.23292e-08
-5.23392e-09
)
;

boundaryField
{
    inlet
    {
        type            calculated;
        value           nonuniform List<scalar> 
25
(
-1e-05
-1e-05
-1e-05
-1e-05
-1e-05
-1e-05
-1e-05
-1e-05
-1e-05
-1e-05
-1e-05
-1e-05
-1e-05
-1e-05
-1e-05
-1e-05
-1e-05
-1e-05
-1e-05
-1e-05
-1e-05
-1e-05
-1e-05
-1e-05
-1e-05
)
;
    }
    outlet
    {
        type            calculated;
        value           nonuniform List<scalar> 
25
(
9.98946e-06
1.02248e-05
1.02336e-05
1.02355e-05
1.02398e-05
1.02454e-05
1.02511e-05
1.02575e-05
1.0265e-05
1.02733e-05
1.02814e-05
1.02899e-05
1.02995e-05
1.03086e-05
1.03171e-05
1.03259e-05
1.03345e-05
1.0342e-05
1.03493e-05
1.03552e-05
1.03602e-05
1.03647e-05
1.03688e-05
1.03637e-05
1.0127e-05
)
;
    }
    walls
    {
        type            calculated;
        value           uniform 0;
    }
    frontAndBack
    {
        type            empty;
        value           nonuniform 0();
    }
}


// ************************************************************************* //
