/*--------------------------------*- C++ -*----------------------------------*\
  =========                 |
  \\      /  F ield         | OpenFOAM: The Open Source CFD Toolbox
   \\    /   O peration     | Website:  https://openfoam.org
    \\  /    A nd           | Version:  7
     \\/     M anipulation  |
\*---------------------------------------------------------------------------*/
FoamFile
{
    version     2.0;
    format      ascii;
    class       vectorField;
    location    "constant/polyMesh";
    object      points;
}
// * * * * * * * * * * * * * * * * * * * * * * * * * * * * * * * * * * * * * //


3952
(
(0 0 0)
(0.004 0 0)
(0.008 0 0)
(0.012 0 0)
(0.016 0 0)
(0.02 0 0)
(0.024 0 0)
(0.028 0 0)
(0.032 0 0)
(0.036 0 0)
(0.04 0 0)
(0.044 0 0)
(0.048 0 0)
(0.052 0 0)
(0.056 0 0)
(0.06 0 0)
(0.064 0 0)
(0.068 0 0)
(0.072 0 0)
(0.076 0 0)
(0.08 0 0)
(0.084 0 0)
(0.088 0 0)
(0.092 0 0)
(0.096 0 0)
(0.1 0 0)
(0 0.01333333333 0)
(0.004 0.01333333333 0)
(0.008 0.01333333333 0)
(0.012 0.01333333333 0)
(0.016 0.01333333333 0)
(0.02 0.01333333333 0)
(0.024 0.01333333333 0)
(0.028 0.01333333333 0)
(0.032 0.01333333333 0)
(0.036 0.01333333333 0)
(0.04 0.01333333333 0)
(0.044 0.01333333333 0)
(0.048 0.01333333333 0)
(0.052 0.01333333333 0)
(0.056 0.01333333333 0)
(0.06 0.01333333333 0)
(0.064 0.01333333333 0)
(0.068 0.01333333333 0)
(0.072 0.01333333333 0)
(0.076 0.01333333333 0)
(0.08 0.01333333333 0)
(0.084 0.01333333333 0)
(0.088 0.01333333333 0)
(0.092 0.01333333333 0)
(0.096 0.01333333333 0)
(0.1 0.01333333333 0)
(0 0.02666666667 0)
(0.004 0.02666666667 0)
(0.008 0.02666666667 0)
(0.012 0.02666666667 0)
(0.016 0.02666666667 0)
(0.02 0.02666666667 0)
(0.024 0.02666666667 0)
(0.028 0.02666666667 0)
(0.032 0.02666666667 0)
(0.036 0.02666666667 0)
(0.04 0.02666666667 0)
(0.044 0.02666666667 0)
(0.048 0.02666666667 0)
(0.052 0.02666666667 0)
(0.056 0.02666666667 0)
(0.06 0.02666666667 0)
(0.064 0.02666666667 0)
(0.068 0.02666666667 0)
(0.072 0.02666666667 0)
(0.076 0.02666666667 0)
(0.08 0.02666666667 0)
(0.084 0.02666666667 0)
(0.088 0.02666666667 0)
(0.092 0.02666666667 0)
(0.096 0.02666666667 0)
(0.1 0.02666666667 0)
(0 0.04 0)
(0.004 0.04 0)
(0.008 0.04 0)
(0.012 0.04 0)
(0.016 0.04 0)
(0.02 0.04 0)
(0.024 0.04 0)
(0.028 0.04 0)
(0.032 0.04 0)
(0.036 0.04 0)
(0.04 0.04 0)
(0.044 0.04 0)
(0.048 0.04 0)
(0.052 0.04 0)
(0.056 0.04 0)
(0.06 0.04 0)
(0.064 0.04 0)
(0.068 0.04 0)
(0.072 0.04 0)
(0.076 0.04 0)
(0.08 0.04 0)
(0.084 0.04 0)
(0.088 0.04 0)
(0.092 0.04 0)
(0.096 0.04 0)
(0.1 0.04 0)
(0 0.05333333333 0)
(0.004 0.05333333333 0)
(0.008 0.05333333333 0)
(0.012 0.05333333333 0)
(0.016 0.05333333333 0)
(0.02 0.05333333333 0)
(0.024 0.05333333333 0)
(0.028 0.05333333333 0)
(0.032 0.05333333333 0)
(0.036 0.05333333333 0)
(0.04 0.05333333333 0)
(0.044 0.05333333333 0)
(0.048 0.05333333333 0)
(0.052 0.05333333333 0)
(0.056 0.05333333333 0)
(0.06 0.05333333333 0)
(0.064 0.05333333333 0)
(0.068 0.05333333333 0)
(0.072 0.05333333333 0)
(0.076 0.05333333333 0)
(0.08 0.05333333333 0)
(0.084 0.05333333333 0)
(0.088 0.05333333333 0)
(0.092 0.05333333333 0)
(0.096 0.05333333333 0)
(0.1 0.05333333333 0)
(0 0.06666666667 0)
(0.004 0.06666666667 0)
(0.008 0.06666666667 0)
(0.012 0.06666666667 0)
(0.016 0.06666666667 0)
(0.02 0.06666666667 0)
(0.024 0.06666666667 0)
(0.028 0.06666666667 0)
(0.032 0.06666666667 0)
(0.036 0.06666666667 0)
(0.04 0.06666666667 0)
(0.044 0.06666666667 0)
(0.048 0.06666666667 0)
(0.052 0.06666666667 0)
(0.056 0.06666666667 0)
(0.06 0.06666666667 0)
(0.064 0.06666666667 0)
(0.068 0.06666666667 0)
(0.072 0.06666666667 0)
(0.076 0.06666666667 0)
(0.08 0.06666666667 0)
(0.084 0.06666666667 0)
(0.088 0.06666666667 0)
(0.092 0.06666666667 0)
(0.096 0.06666666667 0)
(0.1 0.06666666667 0)
(0 0.08 0)
(0.004 0.08 0)
(0.008 0.08 0)
(0.012 0.08 0)
(0.016 0.08 0)
(0.02 0.08 0)
(0.024 0.08 0)
(0.028 0.08 0)
(0.032 0.08 0)
(0.036 0.08 0)
(0.04 0.08 0)
(0.044 0.08 0)
(0.048 0.08 0)
(0.052 0.08 0)
(0.056 0.08 0)
(0.06 0.08 0)
(0.064 0.08 0)
(0.068 0.08 0)
(0.072 0.08 0)
(0.076 0.08 0)
(0.08 0.08 0)
(0.084 0.08 0)
(0.088 0.08 0)
(0.092 0.08 0)
(0.096 0.08 0)
(0.1 0.08 0)
(0 0.09333333333 0)
(0.004 0.09333333333 0)
(0.008 0.09333333333 0)
(0.012 0.09333333333 0)
(0.016 0.09333333333 0)
(0.02 0.09333333333 0)
(0.024 0.09333333333 0)
(0.028 0.09333333333 0)
(0.032 0.09333333333 0)
(0.036 0.09333333333 0)
(0.04 0.09333333333 0)
(0.044 0.09333333333 0)
(0.048 0.09333333333 0)
(0.052 0.09333333333 0)
(0.056 0.09333333333 0)
(0.06 0.09333333333 0)
(0.064 0.09333333333 0)
(0.068 0.09333333333 0)
(0.072 0.09333333333 0)
(0.076 0.09333333333 0)
(0.08 0.09333333333 0)
(0.084 0.09333333333 0)
(0.088 0.09333333333 0)
(0.092 0.09333333333 0)
(0.096 0.09333333333 0)
(0.1 0.09333333333 0)
(0 0.1066666667 0)
(0.004 0.1066666667 0)
(0.008 0.1066666667 0)
(0.012 0.1066666667 0)
(0.016 0.1066666667 0)
(0.02 0.1066666667 0)
(0.024 0.1066666667 0)
(0.028 0.1066666667 0)
(0.032 0.1066666667 0)
(0.036 0.1066666667 0)
(0.04 0.1066666667 0)
(0.044 0.1066666667 0)
(0.048 0.1066666667 0)
(0.052 0.1066666667 0)
(0.056 0.1066666667 0)
(0.06 0.1066666667 0)
(0.064 0.1066666667 0)
(0.068 0.1066666667 0)
(0.072 0.1066666667 0)
(0.076 0.1066666667 0)
(0.08 0.1066666667 0)
(0.084 0.1066666667 0)
(0.088 0.1066666667 0)
(0.092 0.1066666667 0)
(0.096 0.1066666667 0)
(0.1 0.1066666667 0)
(0 0.12 0)
(0.004 0.12 0)
(0.008 0.12 0)
(0.012 0.12 0)
(0.016 0.12 0)
(0.02 0.12 0)
(0.024 0.12 0)
(0.028 0.12 0)
(0.032 0.12 0)
(0.036 0.12 0)
(0.04 0.12 0)
(0.044 0.12 0)
(0.048 0.12 0)
(0.052 0.12 0)
(0.056 0.12 0)
(0.06 0.12 0)
(0.064 0.12 0)
(0.068 0.12 0)
(0.072 0.12 0)
(0.076 0.12 0)
(0.08 0.12 0)
(0.084 0.12 0)
(0.088 0.12 0)
(0.092 0.12 0)
(0.096 0.12 0)
(0.1 0.12 0)
(0 0.1333333333 0)
(0.004 0.1333333333 0)
(0.008 0.1333333333 0)
(0.012 0.1333333333 0)
(0.016 0.1333333333 0)
(0.02 0.1333333333 0)
(0.024 0.1333333333 0)
(0.028 0.1333333333 0)
(0.032 0.1333333333 0)
(0.036 0.1333333333 0)
(0.04 0.1333333333 0)
(0.044 0.1333333333 0)
(0.048 0.1333333333 0)
(0.052 0.1333333333 0)
(0.056 0.1333333333 0)
(0.06 0.1333333333 0)
(0.064 0.1333333333 0)
(0.068 0.1333333333 0)
(0.072 0.1333333333 0)
(0.076 0.1333333333 0)
(0.08 0.1333333333 0)
(0.084 0.1333333333 0)
(0.088 0.1333333333 0)
(0.092 0.1333333333 0)
(0.096 0.1333333333 0)
(0.1 0.1333333333 0)
(0 0.1466666667 0)
(0.004 0.1466666667 0)
(0.008 0.1466666667 0)
(0.012 0.1466666667 0)
(0.016 0.1466666667 0)
(0.02 0.1466666667 0)
(0.024 0.1466666667 0)
(0.028 0.1466666667 0)
(0.032 0.1466666667 0)
(0.036 0.1466666667 0)
(0.04 0.1466666667 0)
(0.044 0.1466666667 0)
(0.048 0.1466666667 0)
(0.052 0.1466666667 0)
(0.056 0.1466666667 0)
(0.06 0.1466666667 0)
(0.064 0.1466666667 0)
(0.068 0.1466666667 0)
(0.072 0.1466666667 0)
(0.076 0.1466666667 0)
(0.08 0.1466666667 0)
(0.084 0.1466666667 0)
(0.088 0.1466666667 0)
(0.092 0.1466666667 0)
(0.096 0.1466666667 0)
(0.1 0.1466666667 0)
(0 0.16 0)
(0.004 0.16 0)
(0.008 0.16 0)
(0.012 0.16 0)
(0.016 0.16 0)
(0.02 0.16 0)
(0.024 0.16 0)
(0.028 0.16 0)
(0.032 0.16 0)
(0.036 0.16 0)
(0.04 0.16 0)
(0.044 0.16 0)
(0.048 0.16 0)
(0.052 0.16 0)
(0.056 0.16 0)
(0.06 0.16 0)
(0.064 0.16 0)
(0.068 0.16 0)
(0.072 0.16 0)
(0.076 0.16 0)
(0.08 0.16 0)
(0.084 0.16 0)
(0.088 0.16 0)
(0.092 0.16 0)
(0.096 0.16 0)
(0.1 0.16 0)
(0 0.1733333333 0)
(0.004 0.1733333333 0)
(0.008 0.1733333333 0)
(0.012 0.1733333333 0)
(0.016 0.1733333333 0)
(0.02 0.1733333333 0)
(0.024 0.1733333333 0)
(0.028 0.1733333333 0)
(0.032 0.1733333333 0)
(0.036 0.1733333333 0)
(0.04 0.1733333333 0)
(0.044 0.1733333333 0)
(0.048 0.1733333333 0)
(0.052 0.1733333333 0)
(0.056 0.1733333333 0)
(0.06 0.1733333333 0)
(0.064 0.1733333333 0)
(0.068 0.1733333333 0)
(0.072 0.1733333333 0)
(0.076 0.1733333333 0)
(0.08 0.1733333333 0)
(0.084 0.1733333333 0)
(0.088 0.1733333333 0)
(0.092 0.1733333333 0)
(0.096 0.1733333333 0)
(0.1 0.1733333333 0)
(0 0.1866666667 0)
(0.004 0.1866666667 0)
(0.008 0.1866666667 0)
(0.012 0.1866666667 0)
(0.016 0.1866666667 0)
(0.02 0.1866666667 0)
(0.024 0.1866666667 0)
(0.028 0.1866666667 0)
(0.032 0.1866666667 0)
(0.036 0.1866666667 0)
(0.04 0.1866666667 0)
(0.044 0.1866666667 0)
(0.048 0.1866666667 0)
(0.052 0.1866666667 0)
(0.056 0.1866666667 0)
(0.06 0.1866666667 0)
(0.064 0.1866666667 0)
(0.068 0.1866666667 0)
(0.072 0.1866666667 0)
(0.076 0.1866666667 0)
(0.08 0.1866666667 0)
(0.084 0.1866666667 0)
(0.088 0.1866666667 0)
(0.092 0.1866666667 0)
(0.096 0.1866666667 0)
(0.1 0.1866666667 0)
(0 0.2 0)
(0.004 0.2 0)
(0.008 0.2 0)
(0.012 0.2 0)
(0.016 0.2 0)
(0.02 0.2 0)
(0.024 0.2 0)
(0.028 0.2 0)
(0.032 0.2 0)
(0.036 0.2 0)
(0.04 0.2 0)
(0.044 0.2 0)
(0.048 0.2 0)
(0.052 0.2 0)
(0.056 0.2 0)
(0.06 0.2 0)
(0.064 0.2 0)
(0.068 0.2 0)
(0.072 0.2 0)
(0.076 0.2 0)
(0.08 0.2 0)
(0.084 0.2 0)
(0.088 0.2 0)
(0.092 0.2 0)
(0.096 0.2 0)
(0.1 0.2 0)
(0 0.2133333333 0)
(0.004 0.2133333333 0)
(0.008 0.2133333333 0)
(0.012 0.2133333333 0)
(0.016 0.2133333333 0)
(0.02 0.2133333333 0)
(0.024 0.2133333333 0)
(0.028 0.2133333333 0)
(0.032 0.2133333333 0)
(0.036 0.2133333333 0)
(0.04 0.2133333333 0)
(0.044 0.2133333333 0)
(0.048 0.2133333333 0)
(0.052 0.2133333333 0)
(0.056 0.2133333333 0)
(0.06 0.2133333333 0)
(0.064 0.2133333333 0)
(0.068 0.2133333333 0)
(0.072 0.2133333333 0)
(0.076 0.2133333333 0)
(0.08 0.2133333333 0)
(0.084 0.2133333333 0)
(0.088 0.2133333333 0)
(0.092 0.2133333333 0)
(0.096 0.2133333333 0)
(0.1 0.2133333333 0)
(0 0.2266666667 0)
(0.004 0.2266666667 0)
(0.008 0.2266666667 0)
(0.012 0.2266666667 0)
(0.016 0.2266666667 0)
(0.02 0.2266666667 0)
(0.024 0.2266666667 0)
(0.028 0.2266666667 0)
(0.032 0.2266666667 0)
(0.036 0.2266666667 0)
(0.04 0.2266666667 0)
(0.044 0.2266666667 0)
(0.048 0.2266666667 0)
(0.052 0.2266666667 0)
(0.056 0.2266666667 0)
(0.06 0.2266666667 0)
(0.064 0.2266666667 0)
(0.068 0.2266666667 0)
(0.072 0.2266666667 0)
(0.076 0.2266666667 0)
(0.08 0.2266666667 0)
(0.084 0.2266666667 0)
(0.088 0.2266666667 0)
(0.092 0.2266666667 0)
(0.096 0.2266666667 0)
(0.1 0.2266666667 0)
(0 0.24 0)
(0.004 0.24 0)
(0.008 0.24 0)
(0.012 0.24 0)
(0.016 0.24 0)
(0.02 0.24 0)
(0.024 0.24 0)
(0.028 0.24 0)
(0.032 0.24 0)
(0.036 0.24 0)
(0.04 0.24 0)
(0.044 0.24 0)
(0.048 0.24 0)
(0.052 0.24 0)
(0.056 0.24 0)
(0.06 0.24 0)
(0.064 0.24 0)
(0.068 0.24 0)
(0.072 0.24 0)
(0.076 0.24 0)
(0.08 0.24 0)
(0.084 0.24 0)
(0.088 0.24 0)
(0.092 0.24 0)
(0.096 0.24 0)
(0.1 0.24 0)
(0 0.2533333333 0)
(0.004 0.2533333333 0)
(0.008 0.2533333333 0)
(0.012 0.2533333333 0)
(0.016 0.2533333333 0)
(0.02 0.2533333333 0)
(0.024 0.2533333333 0)
(0.028 0.2533333333 0)
(0.032 0.2533333333 0)
(0.036 0.2533333333 0)
(0.04 0.2533333333 0)
(0.044 0.2533333333 0)
(0.048 0.2533333333 0)
(0.052 0.2533333333 0)
(0.056 0.2533333333 0)
(0.06 0.2533333333 0)
(0.064 0.2533333333 0)
(0.068 0.2533333333 0)
(0.072 0.2533333333 0)
(0.076 0.2533333333 0)
(0.08 0.2533333333 0)
(0.084 0.2533333333 0)
(0.088 0.2533333333 0)
(0.092 0.2533333333 0)
(0.096 0.2533333333 0)
(0.1 0.2533333333 0)
(0 0.2666666667 0)
(0.004 0.2666666667 0)
(0.008 0.2666666667 0)
(0.012 0.2666666667 0)
(0.016 0.2666666667 0)
(0.02 0.2666666667 0)
(0.024 0.2666666667 0)
(0.028 0.2666666667 0)
(0.032 0.2666666667 0)
(0.036 0.2666666667 0)
(0.04 0.2666666667 0)
(0.044 0.2666666667 0)
(0.048 0.2666666667 0)
(0.052 0.2666666667 0)
(0.056 0.2666666667 0)
(0.06 0.2666666667 0)
(0.064 0.2666666667 0)
(0.068 0.2666666667 0)
(0.072 0.2666666667 0)
(0.076 0.2666666667 0)
(0.08 0.2666666667 0)
(0.084 0.2666666667 0)
(0.088 0.2666666667 0)
(0.092 0.2666666667 0)
(0.096 0.2666666667 0)
(0.1 0.2666666667 0)
(0 0.28 0)
(0.004 0.28 0)
(0.008 0.28 0)
(0.012 0.28 0)
(0.016 0.28 0)
(0.02 0.28 0)
(0.024 0.28 0)
(0.028 0.28 0)
(0.032 0.28 0)
(0.036 0.28 0)
(0.04 0.28 0)
(0.044 0.28 0)
(0.048 0.28 0)
(0.052 0.28 0)
(0.056 0.28 0)
(0.06 0.28 0)
(0.064 0.28 0)
(0.068 0.28 0)
(0.072 0.28 0)
(0.076 0.28 0)
(0.08 0.28 0)
(0.084 0.28 0)
(0.088 0.28 0)
(0.092 0.28 0)
(0.096 0.28 0)
(0.1 0.28 0)
(0 0.2933333333 0)
(0.004 0.2933333333 0)
(0.008 0.2933333333 0)
(0.012 0.2933333333 0)
(0.016 0.2933333333 0)
(0.02 0.2933333333 0)
(0.024 0.2933333333 0)
(0.028 0.2933333333 0)
(0.032 0.2933333333 0)
(0.036 0.2933333333 0)
(0.04 0.2933333333 0)
(0.044 0.2933333333 0)
(0.048 0.2933333333 0)
(0.052 0.2933333333 0)
(0.056 0.2933333333 0)
(0.06 0.2933333333 0)
(0.064 0.2933333333 0)
(0.068 0.2933333333 0)
(0.072 0.2933333333 0)
(0.076 0.2933333333 0)
(0.08 0.2933333333 0)
(0.084 0.2933333333 0)
(0.088 0.2933333333 0)
(0.092 0.2933333333 0)
(0.096 0.2933333333 0)
(0.1 0.2933333333 0)
(0 0.3066666667 0)
(0.004 0.3066666667 0)
(0.008 0.3066666667 0)
(0.012 0.3066666667 0)
(0.016 0.3066666667 0)
(0.02 0.3066666667 0)
(0.024 0.3066666667 0)
(0.028 0.3066666667 0)
(0.032 0.3066666667 0)
(0.036 0.3066666667 0)
(0.04 0.3066666667 0)
(0.044 0.3066666667 0)
(0.048 0.3066666667 0)
(0.052 0.3066666667 0)
(0.056 0.3066666667 0)
(0.06 0.3066666667 0)
(0.064 0.3066666667 0)
(0.068 0.3066666667 0)
(0.072 0.3066666667 0)
(0.076 0.3066666667 0)
(0.08 0.3066666667 0)
(0.084 0.3066666667 0)
(0.088 0.3066666667 0)
(0.092 0.3066666667 0)
(0.096 0.3066666667 0)
(0.1 0.3066666667 0)
(0 0.32 0)
(0.004 0.32 0)
(0.008 0.32 0)
(0.012 0.32 0)
(0.016 0.32 0)
(0.02 0.32 0)
(0.024 0.32 0)
(0.028 0.32 0)
(0.032 0.32 0)
(0.036 0.32 0)
(0.04 0.32 0)
(0.044 0.32 0)
(0.048 0.32 0)
(0.052 0.32 0)
(0.056 0.32 0)
(0.06 0.32 0)
(0.064 0.32 0)
(0.068 0.32 0)
(0.072 0.32 0)
(0.076 0.32 0)
(0.08 0.32 0)
(0.084 0.32 0)
(0.088 0.32 0)
(0.092 0.32 0)
(0.096 0.32 0)
(0.1 0.32 0)
(0 0.3333333333 0)
(0.004 0.3333333333 0)
(0.008 0.3333333333 0)
(0.012 0.3333333333 0)
(0.016 0.3333333333 0)
(0.02 0.3333333333 0)
(0.024 0.3333333333 0)
(0.028 0.3333333333 0)
(0.032 0.3333333333 0)
(0.036 0.3333333333 0)
(0.04 0.3333333333 0)
(0.044 0.3333333333 0)
(0.048 0.3333333333 0)
(0.052 0.3333333333 0)
(0.056 0.3333333333 0)
(0.06 0.3333333333 0)
(0.064 0.3333333333 0)
(0.068 0.3333333333 0)
(0.072 0.3333333333 0)
(0.076 0.3333333333 0)
(0.08 0.3333333333 0)
(0.084 0.3333333333 0)
(0.088 0.3333333333 0)
(0.092 0.3333333333 0)
(0.096 0.3333333333 0)
(0.1 0.3333333333 0)
(0 0.3466666667 0)
(0.004 0.3466666667 0)
(0.008 0.3466666667 0)
(0.012 0.3466666667 0)
(0.016 0.3466666667 0)
(0.02 0.3466666667 0)
(0.024 0.3466666667 0)
(0.028 0.3466666667 0)
(0.032 0.3466666667 0)
(0.036 0.3466666667 0)
(0.04 0.3466666667 0)
(0.044 0.3466666667 0)
(0.048 0.3466666667 0)
(0.052 0.3466666667 0)
(0.056 0.3466666667 0)
(0.06 0.3466666667 0)
(0.064 0.3466666667 0)
(0.068 0.3466666667 0)
(0.072 0.3466666667 0)
(0.076 0.3466666667 0)
(0.08 0.3466666667 0)
(0.084 0.3466666667 0)
(0.088 0.3466666667 0)
(0.092 0.3466666667 0)
(0.096 0.3466666667 0)
(0.1 0.3466666667 0)
(0 0.36 0)
(0.004 0.36 0)
(0.008 0.36 0)
(0.012 0.36 0)
(0.016 0.36 0)
(0.02 0.36 0)
(0.024 0.36 0)
(0.028 0.36 0)
(0.032 0.36 0)
(0.036 0.36 0)
(0.04 0.36 0)
(0.044 0.36 0)
(0.048 0.36 0)
(0.052 0.36 0)
(0.056 0.36 0)
(0.06 0.36 0)
(0.064 0.36 0)
(0.068 0.36 0)
(0.072 0.36 0)
(0.076 0.36 0)
(0.08 0.36 0)
(0.084 0.36 0)
(0.088 0.36 0)
(0.092 0.36 0)
(0.096 0.36 0)
(0.1 0.36 0)
(0 0.3733333333 0)
(0.004 0.3733333333 0)
(0.008 0.3733333333 0)
(0.012 0.3733333333 0)
(0.016 0.3733333333 0)
(0.02 0.3733333333 0)
(0.024 0.3733333333 0)
(0.028 0.3733333333 0)
(0.032 0.3733333333 0)
(0.036 0.3733333333 0)
(0.04 0.3733333333 0)
(0.044 0.3733333333 0)
(0.048 0.3733333333 0)
(0.052 0.3733333333 0)
(0.056 0.3733333333 0)
(0.06 0.3733333333 0)
(0.064 0.3733333333 0)
(0.068 0.3733333333 0)
(0.072 0.3733333333 0)
(0.076 0.3733333333 0)
(0.08 0.3733333333 0)
(0.084 0.3733333333 0)
(0.088 0.3733333333 0)
(0.092 0.3733333333 0)
(0.096 0.3733333333 0)
(0.1 0.3733333333 0)
(0 0.3866666667 0)
(0.004 0.3866666667 0)
(0.008 0.3866666667 0)
(0.012 0.3866666667 0)
(0.016 0.3866666667 0)
(0.02 0.3866666667 0)
(0.024 0.3866666667 0)
(0.028 0.3866666667 0)
(0.032 0.3866666667 0)
(0.036 0.3866666667 0)
(0.04 0.3866666667 0)
(0.044 0.3866666667 0)
(0.048 0.3866666667 0)
(0.052 0.3866666667 0)
(0.056 0.3866666667 0)
(0.06 0.3866666667 0)
(0.064 0.3866666667 0)
(0.068 0.3866666667 0)
(0.072 0.3866666667 0)
(0.076 0.3866666667 0)
(0.08 0.3866666667 0)
(0.084 0.3866666667 0)
(0.088 0.3866666667 0)
(0.092 0.3866666667 0)
(0.096 0.3866666667 0)
(0.1 0.3866666667 0)
(0 0.4 0)
(0.004 0.4 0)
(0.008 0.4 0)
(0.012 0.4 0)
(0.016 0.4 0)
(0.02 0.4 0)
(0.024 0.4 0)
(0.028 0.4 0)
(0.032 0.4 0)
(0.036 0.4 0)
(0.04 0.4 0)
(0.044 0.4 0)
(0.048 0.4 0)
(0.052 0.4 0)
(0.056 0.4 0)
(0.06 0.4 0)
(0.064 0.4 0)
(0.068 0.4 0)
(0.072 0.4 0)
(0.076 0.4 0)
(0.08 0.4 0)
(0.084 0.4 0)
(0.088 0.4 0)
(0.092 0.4 0)
(0.096 0.4 0)
(0.1 0.4 0)
(0 0.4133333333 0)
(0.004 0.4133333333 0)
(0.008 0.4133333333 0)
(0.012 0.4133333333 0)
(0.016 0.4133333333 0)
(0.02 0.4133333333 0)
(0.024 0.4133333333 0)
(0.028 0.4133333333 0)
(0.032 0.4133333333 0)
(0.036 0.4133333333 0)
(0.04 0.4133333333 0)
(0.044 0.4133333333 0)
(0.048 0.4133333333 0)
(0.052 0.4133333333 0)
(0.056 0.4133333333 0)
(0.06 0.4133333333 0)
(0.064 0.4133333333 0)
(0.068 0.4133333333 0)
(0.072 0.4133333333 0)
(0.076 0.4133333333 0)
(0.08 0.4133333333 0)
(0.084 0.4133333333 0)
(0.088 0.4133333333 0)
(0.092 0.4133333333 0)
(0.096 0.4133333333 0)
(0.1 0.4133333333 0)
(0 0.4266666667 0)
(0.004 0.4266666667 0)
(0.008 0.4266666667 0)
(0.012 0.4266666667 0)
(0.016 0.4266666667 0)
(0.02 0.4266666667 0)
(0.024 0.4266666667 0)
(0.028 0.4266666667 0)
(0.032 0.4266666667 0)
(0.036 0.4266666667 0)
(0.04 0.4266666667 0)
(0.044 0.4266666667 0)
(0.048 0.4266666667 0)
(0.052 0.4266666667 0)
(0.056 0.4266666667 0)
(0.06 0.4266666667 0)
(0.064 0.4266666667 0)
(0.068 0.4266666667 0)
(0.072 0.4266666667 0)
(0.076 0.4266666667 0)
(0.08 0.4266666667 0)
(0.084 0.4266666667 0)
(0.088 0.4266666667 0)
(0.092 0.4266666667 0)
(0.096 0.4266666667 0)
(0.1 0.4266666667 0)
(0 0.44 0)
(0.004 0.44 0)
(0.008 0.44 0)
(0.012 0.44 0)
(0.016 0.44 0)
(0.02 0.44 0)
(0.024 0.44 0)
(0.028 0.44 0)
(0.032 0.44 0)
(0.036 0.44 0)
(0.04 0.44 0)
(0.044 0.44 0)
(0.048 0.44 0)
(0.052 0.44 0)
(0.056 0.44 0)
(0.06 0.44 0)
(0.064 0.44 0)
(0.068 0.44 0)
(0.072 0.44 0)
(0.076 0.44 0)
(0.08 0.44 0)
(0.084 0.44 0)
(0.088 0.44 0)
(0.092 0.44 0)
(0.096 0.44 0)
(0.1 0.44 0)
(0 0.4533333333 0)
(0.004 0.4533333333 0)
(0.008 0.4533333333 0)
(0.012 0.4533333333 0)
(0.016 0.4533333333 0)
(0.02 0.4533333333 0)
(0.024 0.4533333333 0)
(0.028 0.4533333333 0)
(0.032 0.4533333333 0)
(0.036 0.4533333333 0)
(0.04 0.4533333333 0)
(0.044 0.4533333333 0)
(0.048 0.4533333333 0)
(0.052 0.4533333333 0)
(0.056 0.4533333333 0)
(0.06 0.4533333333 0)
(0.064 0.4533333333 0)
(0.068 0.4533333333 0)
(0.072 0.4533333333 0)
(0.076 0.4533333333 0)
(0.08 0.4533333333 0)
(0.084 0.4533333333 0)
(0.088 0.4533333333 0)
(0.092 0.4533333333 0)
(0.096 0.4533333333 0)
(0.1 0.4533333333 0)
(0 0.4666666667 0)
(0.004 0.4666666667 0)
(0.008 0.4666666667 0)
(0.012 0.4666666667 0)
(0.016 0.4666666667 0)
(0.02 0.4666666667 0)
(0.024 0.4666666667 0)
(0.028 0.4666666667 0)
(0.032 0.4666666667 0)
(0.036 0.4666666667 0)
(0.04 0.4666666667 0)
(0.044 0.4666666667 0)
(0.048 0.4666666667 0)
(0.052 0.4666666667 0)
(0.056 0.4666666667 0)
(0.06 0.4666666667 0)
(0.064 0.4666666667 0)
(0.068 0.4666666667 0)
(0.072 0.4666666667 0)
(0.076 0.4666666667 0)
(0.08 0.4666666667 0)
(0.084 0.4666666667 0)
(0.088 0.4666666667 0)
(0.092 0.4666666667 0)
(0.096 0.4666666667 0)
(0.1 0.4666666667 0)
(0 0.48 0)
(0.004 0.48 0)
(0.008 0.48 0)
(0.012 0.48 0)
(0.016 0.48 0)
(0.02 0.48 0)
(0.024 0.48 0)
(0.028 0.48 0)
(0.032 0.48 0)
(0.036 0.48 0)
(0.04 0.48 0)
(0.044 0.48 0)
(0.048 0.48 0)
(0.052 0.48 0)
(0.056 0.48 0)
(0.06 0.48 0)
(0.064 0.48 0)
(0.068 0.48 0)
(0.072 0.48 0)
(0.076 0.48 0)
(0.08 0.48 0)
(0.084 0.48 0)
(0.088 0.48 0)
(0.092 0.48 0)
(0.096 0.48 0)
(0.1 0.48 0)
(0 0.4933333333 0)
(0.004 0.4933333333 0)
(0.008 0.4933333333 0)
(0.012 0.4933333333 0)
(0.016 0.4933333333 0)
(0.02 0.4933333333 0)
(0.024 0.4933333333 0)
(0.028 0.4933333333 0)
(0.032 0.4933333333 0)
(0.036 0.4933333333 0)
(0.04 0.4933333333 0)
(0.044 0.4933333333 0)
(0.048 0.4933333333 0)
(0.052 0.4933333333 0)
(0.056 0.4933333333 0)
(0.06 0.4933333333 0)
(0.064 0.4933333333 0)
(0.068 0.4933333333 0)
(0.072 0.4933333333 0)
(0.076 0.4933333333 0)
(0.08 0.4933333333 0)
(0.084 0.4933333333 0)
(0.088 0.4933333333 0)
(0.092 0.4933333333 0)
(0.096 0.4933333333 0)
(0.1 0.4933333333 0)
(0 0.5066666667 0)
(0.004 0.5066666667 0)
(0.008 0.5066666667 0)
(0.012 0.5066666667 0)
(0.016 0.5066666667 0)
(0.02 0.5066666667 0)
(0.024 0.5066666667 0)
(0.028 0.5066666667 0)
(0.032 0.5066666667 0)
(0.036 0.5066666667 0)
(0.04 0.5066666667 0)
(0.044 0.5066666667 0)
(0.048 0.5066666667 0)
(0.052 0.5066666667 0)
(0.056 0.5066666667 0)
(0.06 0.5066666667 0)
(0.064 0.5066666667 0)
(0.068 0.5066666667 0)
(0.072 0.5066666667 0)
(0.076 0.5066666667 0)
(0.08 0.5066666667 0)
(0.084 0.5066666667 0)
(0.088 0.5066666667 0)
(0.092 0.5066666667 0)
(0.096 0.5066666667 0)
(0.1 0.5066666667 0)
(0 0.52 0)
(0.004 0.52 0)
(0.008 0.52 0)
(0.012 0.52 0)
(0.016 0.52 0)
(0.02 0.52 0)
(0.024 0.52 0)
(0.028 0.52 0)
(0.032 0.52 0)
(0.036 0.52 0)
(0.04 0.52 0)
(0.044 0.52 0)
(0.048 0.52 0)
(0.052 0.52 0)
(0.056 0.52 0)
(0.06 0.52 0)
(0.064 0.52 0)
(0.068 0.52 0)
(0.072 0.52 0)
(0.076 0.52 0)
(0.08 0.52 0)
(0.084 0.52 0)
(0.088 0.52 0)
(0.092 0.52 0)
(0.096 0.52 0)
(0.1 0.52 0)
(0 0.5333333333 0)
(0.004 0.5333333333 0)
(0.008 0.5333333333 0)
(0.012 0.5333333333 0)
(0.016 0.5333333333 0)
(0.02 0.5333333333 0)
(0.024 0.5333333333 0)
(0.028 0.5333333333 0)
(0.032 0.5333333333 0)
(0.036 0.5333333333 0)
(0.04 0.5333333333 0)
(0.044 0.5333333333 0)
(0.048 0.5333333333 0)
(0.052 0.5333333333 0)
(0.056 0.5333333333 0)
(0.06 0.5333333333 0)
(0.064 0.5333333333 0)
(0.068 0.5333333333 0)
(0.072 0.5333333333 0)
(0.076 0.5333333333 0)
(0.08 0.5333333333 0)
(0.084 0.5333333333 0)
(0.088 0.5333333333 0)
(0.092 0.5333333333 0)
(0.096 0.5333333333 0)
(0.1 0.5333333333 0)
(0 0.5466666667 0)
(0.004 0.5466666667 0)
(0.008 0.5466666667 0)
(0.012 0.5466666667 0)
(0.016 0.5466666667 0)
(0.02 0.5466666667 0)
(0.024 0.5466666667 0)
(0.028 0.5466666667 0)
(0.032 0.5466666667 0)
(0.036 0.5466666667 0)
(0.04 0.5466666667 0)
(0.044 0.5466666667 0)
(0.048 0.5466666667 0)
(0.052 0.5466666667 0)
(0.056 0.5466666667 0)
(0.06 0.5466666667 0)
(0.064 0.5466666667 0)
(0.068 0.5466666667 0)
(0.072 0.5466666667 0)
(0.076 0.5466666667 0)
(0.08 0.5466666667 0)
(0.084 0.5466666667 0)
(0.088 0.5466666667 0)
(0.092 0.5466666667 0)
(0.096 0.5466666667 0)
(0.1 0.5466666667 0)
(0 0.56 0)
(0.004 0.56 0)
(0.008 0.56 0)
(0.012 0.56 0)
(0.016 0.56 0)
(0.02 0.56 0)
(0.024 0.56 0)
(0.028 0.56 0)
(0.032 0.56 0)
(0.036 0.56 0)
(0.04 0.56 0)
(0.044 0.56 0)
(0.048 0.56 0)
(0.052 0.56 0)
(0.056 0.56 0)
(0.06 0.56 0)
(0.064 0.56 0)
(0.068 0.56 0)
(0.072 0.56 0)
(0.076 0.56 0)
(0.08 0.56 0)
(0.084 0.56 0)
(0.088 0.56 0)
(0.092 0.56 0)
(0.096 0.56 0)
(0.1 0.56 0)
(0 0.5733333333 0)
(0.004 0.5733333333 0)
(0.008 0.5733333333 0)
(0.012 0.5733333333 0)
(0.016 0.5733333333 0)
(0.02 0.5733333333 0)
(0.024 0.5733333333 0)
(0.028 0.5733333333 0)
(0.032 0.5733333333 0)
(0.036 0.5733333333 0)
(0.04 0.5733333333 0)
(0.044 0.5733333333 0)
(0.048 0.5733333333 0)
(0.052 0.5733333333 0)
(0.056 0.5733333333 0)
(0.06 0.5733333333 0)
(0.064 0.5733333333 0)
(0.068 0.5733333333 0)
(0.072 0.5733333333 0)
(0.076 0.5733333333 0)
(0.08 0.5733333333 0)
(0.084 0.5733333333 0)
(0.088 0.5733333333 0)
(0.092 0.5733333333 0)
(0.096 0.5733333333 0)
(0.1 0.5733333333 0)
(0 0.5866666667 0)
(0.004 0.5866666667 0)
(0.008 0.5866666667 0)
(0.012 0.5866666667 0)
(0.016 0.5866666667 0)
(0.02 0.5866666667 0)
(0.024 0.5866666667 0)
(0.028 0.5866666667 0)
(0.032 0.5866666667 0)
(0.036 0.5866666667 0)
(0.04 0.5866666667 0)
(0.044 0.5866666667 0)
(0.048 0.5866666667 0)
(0.052 0.5866666667 0)
(0.056 0.5866666667 0)
(0.06 0.5866666667 0)
(0.064 0.5866666667 0)
(0.068 0.5866666667 0)
(0.072 0.5866666667 0)
(0.076 0.5866666667 0)
(0.08 0.5866666667 0)
(0.084 0.5866666667 0)
(0.088 0.5866666667 0)
(0.092 0.5866666667 0)
(0.096 0.5866666667 0)
(0.1 0.5866666667 0)
(0 0.6 0)
(0.004 0.6 0)
(0.008 0.6 0)
(0.012 0.6 0)
(0.016 0.6 0)
(0.02 0.6 0)
(0.024 0.6 0)
(0.028 0.6 0)
(0.032 0.6 0)
(0.036 0.6 0)
(0.04 0.6 0)
(0.044 0.6 0)
(0.048 0.6 0)
(0.052 0.6 0)
(0.056 0.6 0)
(0.06 0.6 0)
(0.064 0.6 0)
(0.068 0.6 0)
(0.072 0.6 0)
(0.076 0.6 0)
(0.08 0.6 0)
(0.084 0.6 0)
(0.088 0.6 0)
(0.092 0.6 0)
(0.096 0.6 0)
(0.1 0.6 0)
(0 0.6133333333 0)
(0.004 0.6133333333 0)
(0.008 0.6133333333 0)
(0.012 0.6133333333 0)
(0.016 0.6133333333 0)
(0.02 0.6133333333 0)
(0.024 0.6133333333 0)
(0.028 0.6133333333 0)
(0.032 0.6133333333 0)
(0.036 0.6133333333 0)
(0.04 0.6133333333 0)
(0.044 0.6133333333 0)
(0.048 0.6133333333 0)
(0.052 0.6133333333 0)
(0.056 0.6133333333 0)
(0.06 0.6133333333 0)
(0.064 0.6133333333 0)
(0.068 0.6133333333 0)
(0.072 0.6133333333 0)
(0.076 0.6133333333 0)
(0.08 0.6133333333 0)
(0.084 0.6133333333 0)
(0.088 0.6133333333 0)
(0.092 0.6133333333 0)
(0.096 0.6133333333 0)
(0.1 0.6133333333 0)
(0 0.6266666667 0)
(0.004 0.6266666667 0)
(0.008 0.6266666667 0)
(0.012 0.6266666667 0)
(0.016 0.6266666667 0)
(0.02 0.6266666667 0)
(0.024 0.6266666667 0)
(0.028 0.6266666667 0)
(0.032 0.6266666667 0)
(0.036 0.6266666667 0)
(0.04 0.6266666667 0)
(0.044 0.6266666667 0)
(0.048 0.6266666667 0)
(0.052 0.6266666667 0)
(0.056 0.6266666667 0)
(0.06 0.6266666667 0)
(0.064 0.6266666667 0)
(0.068 0.6266666667 0)
(0.072 0.6266666667 0)
(0.076 0.6266666667 0)
(0.08 0.6266666667 0)
(0.084 0.6266666667 0)
(0.088 0.6266666667 0)
(0.092 0.6266666667 0)
(0.096 0.6266666667 0)
(0.1 0.6266666667 0)
(0 0.64 0)
(0.004 0.64 0)
(0.008 0.64 0)
(0.012 0.64 0)
(0.016 0.64 0)
(0.02 0.64 0)
(0.024 0.64 0)
(0.028 0.64 0)
(0.032 0.64 0)
(0.036 0.64 0)
(0.04 0.64 0)
(0.044 0.64 0)
(0.048 0.64 0)
(0.052 0.64 0)
(0.056 0.64 0)
(0.06 0.64 0)
(0.064 0.64 0)
(0.068 0.64 0)
(0.072 0.64 0)
(0.076 0.64 0)
(0.08 0.64 0)
(0.084 0.64 0)
(0.088 0.64 0)
(0.092 0.64 0)
(0.096 0.64 0)
(0.1 0.64 0)
(0 0.6533333333 0)
(0.004 0.6533333333 0)
(0.008 0.6533333333 0)
(0.012 0.6533333333 0)
(0.016 0.6533333333 0)
(0.02 0.6533333333 0)
(0.024 0.6533333333 0)
(0.028 0.6533333333 0)
(0.032 0.6533333333 0)
(0.036 0.6533333333 0)
(0.04 0.6533333333 0)
(0.044 0.6533333333 0)
(0.048 0.6533333333 0)
(0.052 0.6533333333 0)
(0.056 0.6533333333 0)
(0.06 0.6533333333 0)
(0.064 0.6533333333 0)
(0.068 0.6533333333 0)
(0.072 0.6533333333 0)
(0.076 0.6533333333 0)
(0.08 0.6533333333 0)
(0.084 0.6533333333 0)
(0.088 0.6533333333 0)
(0.092 0.6533333333 0)
(0.096 0.6533333333 0)
(0.1 0.6533333333 0)
(0 0.6666666667 0)
(0.004 0.6666666667 0)
(0.008 0.6666666667 0)
(0.012 0.6666666667 0)
(0.016 0.6666666667 0)
(0.02 0.6666666667 0)
(0.024 0.6666666667 0)
(0.028 0.6666666667 0)
(0.032 0.6666666667 0)
(0.036 0.6666666667 0)
(0.04 0.6666666667 0)
(0.044 0.6666666667 0)
(0.048 0.6666666667 0)
(0.052 0.6666666667 0)
(0.056 0.6666666667 0)
(0.06 0.6666666667 0)
(0.064 0.6666666667 0)
(0.068 0.6666666667 0)
(0.072 0.6666666667 0)
(0.076 0.6666666667 0)
(0.08 0.6666666667 0)
(0.084 0.6666666667 0)
(0.088 0.6666666667 0)
(0.092 0.6666666667 0)
(0.096 0.6666666667 0)
(0.1 0.6666666667 0)
(0 0.68 0)
(0.004 0.68 0)
(0.008 0.68 0)
(0.012 0.68 0)
(0.016 0.68 0)
(0.02 0.68 0)
(0.024 0.68 0)
(0.028 0.68 0)
(0.032 0.68 0)
(0.036 0.68 0)
(0.04 0.68 0)
(0.044 0.68 0)
(0.048 0.68 0)
(0.052 0.68 0)
(0.056 0.68 0)
(0.06 0.68 0)
(0.064 0.68 0)
(0.068 0.68 0)
(0.072 0.68 0)
(0.076 0.68 0)
(0.08 0.68 0)
(0.084 0.68 0)
(0.088 0.68 0)
(0.092 0.68 0)
(0.096 0.68 0)
(0.1 0.68 0)
(0 0.6933333333 0)
(0.004 0.6933333333 0)
(0.008 0.6933333333 0)
(0.012 0.6933333333 0)
(0.016 0.6933333333 0)
(0.02 0.6933333333 0)
(0.024 0.6933333333 0)
(0.028 0.6933333333 0)
(0.032 0.6933333333 0)
(0.036 0.6933333333 0)
(0.04 0.6933333333 0)
(0.044 0.6933333333 0)
(0.048 0.6933333333 0)
(0.052 0.6933333333 0)
(0.056 0.6933333333 0)
(0.06 0.6933333333 0)
(0.064 0.6933333333 0)
(0.068 0.6933333333 0)
(0.072 0.6933333333 0)
(0.076 0.6933333333 0)
(0.08 0.6933333333 0)
(0.084 0.6933333333 0)
(0.088 0.6933333333 0)
(0.092 0.6933333333 0)
(0.096 0.6933333333 0)
(0.1 0.6933333333 0)
(0 0.7066666667 0)
(0.004 0.7066666667 0)
(0.008 0.7066666667 0)
(0.012 0.7066666667 0)
(0.016 0.7066666667 0)
(0.02 0.7066666667 0)
(0.024 0.7066666667 0)
(0.028 0.7066666667 0)
(0.032 0.7066666667 0)
(0.036 0.7066666667 0)
(0.04 0.7066666667 0)
(0.044 0.7066666667 0)
(0.048 0.7066666667 0)
(0.052 0.7066666667 0)
(0.056 0.7066666667 0)
(0.06 0.7066666667 0)
(0.064 0.7066666667 0)
(0.068 0.7066666667 0)
(0.072 0.7066666667 0)
(0.076 0.7066666667 0)
(0.08 0.7066666667 0)
(0.084 0.7066666667 0)
(0.088 0.7066666667 0)
(0.092 0.7066666667 0)
(0.096 0.7066666667 0)
(0.1 0.7066666667 0)
(0 0.72 0)
(0.004 0.72 0)
(0.008 0.72 0)
(0.012 0.72 0)
(0.016 0.72 0)
(0.02 0.72 0)
(0.024 0.72 0)
(0.028 0.72 0)
(0.032 0.72 0)
(0.036 0.72 0)
(0.04 0.72 0)
(0.044 0.72 0)
(0.048 0.72 0)
(0.052 0.72 0)
(0.056 0.72 0)
(0.06 0.72 0)
(0.064 0.72 0)
(0.068 0.72 0)
(0.072 0.72 0)
(0.076 0.72 0)
(0.08 0.72 0)
(0.084 0.72 0)
(0.088 0.72 0)
(0.092 0.72 0)
(0.096 0.72 0)
(0.1 0.72 0)
(0 0.7333333333 0)
(0.004 0.7333333333 0)
(0.008 0.7333333333 0)
(0.012 0.7333333333 0)
(0.016 0.7333333333 0)
(0.02 0.7333333333 0)
(0.024 0.7333333333 0)
(0.028 0.7333333333 0)
(0.032 0.7333333333 0)
(0.036 0.7333333333 0)
(0.04 0.7333333333 0)
(0.044 0.7333333333 0)
(0.048 0.7333333333 0)
(0.052 0.7333333333 0)
(0.056 0.7333333333 0)
(0.06 0.7333333333 0)
(0.064 0.7333333333 0)
(0.068 0.7333333333 0)
(0.072 0.7333333333 0)
(0.076 0.7333333333 0)
(0.08 0.7333333333 0)
(0.084 0.7333333333 0)
(0.088 0.7333333333 0)
(0.092 0.7333333333 0)
(0.096 0.7333333333 0)
(0.1 0.7333333333 0)
(0 0.7466666667 0)
(0.004 0.7466666667 0)
(0.008 0.7466666667 0)
(0.012 0.7466666667 0)
(0.016 0.7466666667 0)
(0.02 0.7466666667 0)
(0.024 0.7466666667 0)
(0.028 0.7466666667 0)
(0.032 0.7466666667 0)
(0.036 0.7466666667 0)
(0.04 0.7466666667 0)
(0.044 0.7466666667 0)
(0.048 0.7466666667 0)
(0.052 0.7466666667 0)
(0.056 0.7466666667 0)
(0.06 0.7466666667 0)
(0.064 0.7466666667 0)
(0.068 0.7466666667 0)
(0.072 0.7466666667 0)
(0.076 0.7466666667 0)
(0.08 0.7466666667 0)
(0.084 0.7466666667 0)
(0.088 0.7466666667 0)
(0.092 0.7466666667 0)
(0.096 0.7466666667 0)
(0.1 0.7466666667 0)
(0 0.76 0)
(0.004 0.76 0)
(0.008 0.76 0)
(0.012 0.76 0)
(0.016 0.76 0)
(0.02 0.76 0)
(0.024 0.76 0)
(0.028 0.76 0)
(0.032 0.76 0)
(0.036 0.76 0)
(0.04 0.76 0)
(0.044 0.76 0)
(0.048 0.76 0)
(0.052 0.76 0)
(0.056 0.76 0)
(0.06 0.76 0)
(0.064 0.76 0)
(0.068 0.76 0)
(0.072 0.76 0)
(0.076 0.76 0)
(0.08 0.76 0)
(0.084 0.76 0)
(0.088 0.76 0)
(0.092 0.76 0)
(0.096 0.76 0)
(0.1 0.76 0)
(0 0.7733333333 0)
(0.004 0.7733333333 0)
(0.008 0.7733333333 0)
(0.012 0.7733333333 0)
(0.016 0.7733333333 0)
(0.02 0.7733333333 0)
(0.024 0.7733333333 0)
(0.028 0.7733333333 0)
(0.032 0.7733333333 0)
(0.036 0.7733333333 0)
(0.04 0.7733333333 0)
(0.044 0.7733333333 0)
(0.048 0.7733333333 0)
(0.052 0.7733333333 0)
(0.056 0.7733333333 0)
(0.06 0.7733333333 0)
(0.064 0.7733333333 0)
(0.068 0.7733333333 0)
(0.072 0.7733333333 0)
(0.076 0.7733333333 0)
(0.08 0.7733333333 0)
(0.084 0.7733333333 0)
(0.088 0.7733333333 0)
(0.092 0.7733333333 0)
(0.096 0.7733333333 0)
(0.1 0.7733333333 0)
(0 0.7866666667 0)
(0.004 0.7866666667 0)
(0.008 0.7866666667 0)
(0.012 0.7866666667 0)
(0.016 0.7866666667 0)
(0.02 0.7866666667 0)
(0.024 0.7866666667 0)
(0.028 0.7866666667 0)
(0.032 0.7866666667 0)
(0.036 0.7866666667 0)
(0.04 0.7866666667 0)
(0.044 0.7866666667 0)
(0.048 0.7866666667 0)
(0.052 0.7866666667 0)
(0.056 0.7866666667 0)
(0.06 0.7866666667 0)
(0.064 0.7866666667 0)
(0.068 0.7866666667 0)
(0.072 0.7866666667 0)
(0.076 0.7866666667 0)
(0.08 0.7866666667 0)
(0.084 0.7866666667 0)
(0.088 0.7866666667 0)
(0.092 0.7866666667 0)
(0.096 0.7866666667 0)
(0.1 0.7866666667 0)
(0 0.8 0)
(0.004 0.8 0)
(0.008 0.8 0)
(0.012 0.8 0)
(0.016 0.8 0)
(0.02 0.8 0)
(0.024 0.8 0)
(0.028 0.8 0)
(0.032 0.8 0)
(0.036 0.8 0)
(0.04 0.8 0)
(0.044 0.8 0)
(0.048 0.8 0)
(0.052 0.8 0)
(0.056 0.8 0)
(0.06 0.8 0)
(0.064 0.8 0)
(0.068 0.8 0)
(0.072 0.8 0)
(0.076 0.8 0)
(0.08 0.8 0)
(0.084 0.8 0)
(0.088 0.8 0)
(0.092 0.8 0)
(0.096 0.8 0)
(0.1 0.8 0)
(0 0.8133333333 0)
(0.004 0.8133333333 0)
(0.008 0.8133333333 0)
(0.012 0.8133333333 0)
(0.016 0.8133333333 0)
(0.02 0.8133333333 0)
(0.024 0.8133333333 0)
(0.028 0.8133333333 0)
(0.032 0.8133333333 0)
(0.036 0.8133333333 0)
(0.04 0.8133333333 0)
(0.044 0.8133333333 0)
(0.048 0.8133333333 0)
(0.052 0.8133333333 0)
(0.056 0.8133333333 0)
(0.06 0.8133333333 0)
(0.064 0.8133333333 0)
(0.068 0.8133333333 0)
(0.072 0.8133333333 0)
(0.076 0.8133333333 0)
(0.08 0.8133333333 0)
(0.084 0.8133333333 0)
(0.088 0.8133333333 0)
(0.092 0.8133333333 0)
(0.096 0.8133333333 0)
(0.1 0.8133333333 0)
(0 0.8266666667 0)
(0.004 0.8266666667 0)
(0.008 0.8266666667 0)
(0.012 0.8266666667 0)
(0.016 0.8266666667 0)
(0.02 0.8266666667 0)
(0.024 0.8266666667 0)
(0.028 0.8266666667 0)
(0.032 0.8266666667 0)
(0.036 0.8266666667 0)
(0.04 0.8266666667 0)
(0.044 0.8266666667 0)
(0.048 0.8266666667 0)
(0.052 0.8266666667 0)
(0.056 0.8266666667 0)
(0.06 0.8266666667 0)
(0.064 0.8266666667 0)
(0.068 0.8266666667 0)
(0.072 0.8266666667 0)
(0.076 0.8266666667 0)
(0.08 0.8266666667 0)
(0.084 0.8266666667 0)
(0.088 0.8266666667 0)
(0.092 0.8266666667 0)
(0.096 0.8266666667 0)
(0.1 0.8266666667 0)
(0 0.84 0)
(0.004 0.84 0)
(0.008 0.84 0)
(0.012 0.84 0)
(0.016 0.84 0)
(0.02 0.84 0)
(0.024 0.84 0)
(0.028 0.84 0)
(0.032 0.84 0)
(0.036 0.84 0)
(0.04 0.84 0)
(0.044 0.84 0)
(0.048 0.84 0)
(0.052 0.84 0)
(0.056 0.84 0)
(0.06 0.84 0)
(0.064 0.84 0)
(0.068 0.84 0)
(0.072 0.84 0)
(0.076 0.84 0)
(0.08 0.84 0)
(0.084 0.84 0)
(0.088 0.84 0)
(0.092 0.84 0)
(0.096 0.84 0)
(0.1 0.84 0)
(0 0.8533333333 0)
(0.004 0.8533333333 0)
(0.008 0.8533333333 0)
(0.012 0.8533333333 0)
(0.016 0.8533333333 0)
(0.02 0.8533333333 0)
(0.024 0.8533333333 0)
(0.028 0.8533333333 0)
(0.032 0.8533333333 0)
(0.036 0.8533333333 0)
(0.04 0.8533333333 0)
(0.044 0.8533333333 0)
(0.048 0.8533333333 0)
(0.052 0.8533333333 0)
(0.056 0.8533333333 0)
(0.06 0.8533333333 0)
(0.064 0.8533333333 0)
(0.068 0.8533333333 0)
(0.072 0.8533333333 0)
(0.076 0.8533333333 0)
(0.08 0.8533333333 0)
(0.084 0.8533333333 0)
(0.088 0.8533333333 0)
(0.092 0.8533333333 0)
(0.096 0.8533333333 0)
(0.1 0.8533333333 0)
(0 0.8666666667 0)
(0.004 0.8666666667 0)
(0.008 0.8666666667 0)
(0.012 0.8666666667 0)
(0.016 0.8666666667 0)
(0.02 0.8666666667 0)
(0.024 0.8666666667 0)
(0.028 0.8666666667 0)
(0.032 0.8666666667 0)
(0.036 0.8666666667 0)
(0.04 0.8666666667 0)
(0.044 0.8666666667 0)
(0.048 0.8666666667 0)
(0.052 0.8666666667 0)
(0.056 0.8666666667 0)
(0.06 0.8666666667 0)
(0.064 0.8666666667 0)
(0.068 0.8666666667 0)
(0.072 0.8666666667 0)
(0.076 0.8666666667 0)
(0.08 0.8666666667 0)
(0.084 0.8666666667 0)
(0.088 0.8666666667 0)
(0.092 0.8666666667 0)
(0.096 0.8666666667 0)
(0.1 0.8666666667 0)
(0 0.88 0)
(0.004 0.88 0)
(0.008 0.88 0)
(0.012 0.88 0)
(0.016 0.88 0)
(0.02 0.88 0)
(0.024 0.88 0)
(0.028 0.88 0)
(0.032 0.88 0)
(0.036 0.88 0)
(0.04 0.88 0)
(0.044 0.88 0)
(0.048 0.88 0)
(0.052 0.88 0)
(0.056 0.88 0)
(0.06 0.88 0)
(0.064 0.88 0)
(0.068 0.88 0)
(0.072 0.88 0)
(0.076 0.88 0)
(0.08 0.88 0)
(0.084 0.88 0)
(0.088 0.88 0)
(0.092 0.88 0)
(0.096 0.88 0)
(0.1 0.88 0)
(0 0.8933333333 0)
(0.004 0.8933333333 0)
(0.008 0.8933333333 0)
(0.012 0.8933333333 0)
(0.016 0.8933333333 0)
(0.02 0.8933333333 0)
(0.024 0.8933333333 0)
(0.028 0.8933333333 0)
(0.032 0.8933333333 0)
(0.036 0.8933333333 0)
(0.04 0.8933333333 0)
(0.044 0.8933333333 0)
(0.048 0.8933333333 0)
(0.052 0.8933333333 0)
(0.056 0.8933333333 0)
(0.06 0.8933333333 0)
(0.064 0.8933333333 0)
(0.068 0.8933333333 0)
(0.072 0.8933333333 0)
(0.076 0.8933333333 0)
(0.08 0.8933333333 0)
(0.084 0.8933333333 0)
(0.088 0.8933333333 0)
(0.092 0.8933333333 0)
(0.096 0.8933333333 0)
(0.1 0.8933333333 0)
(0 0.9066666667 0)
(0.004 0.9066666667 0)
(0.008 0.9066666667 0)
(0.012 0.9066666667 0)
(0.016 0.9066666667 0)
(0.02 0.9066666667 0)
(0.024 0.9066666667 0)
(0.028 0.9066666667 0)
(0.032 0.9066666667 0)
(0.036 0.9066666667 0)
(0.04 0.9066666667 0)
(0.044 0.9066666667 0)
(0.048 0.9066666667 0)
(0.052 0.9066666667 0)
(0.056 0.9066666667 0)
(0.06 0.9066666667 0)
(0.064 0.9066666667 0)
(0.068 0.9066666667 0)
(0.072 0.9066666667 0)
(0.076 0.9066666667 0)
(0.08 0.9066666667 0)
(0.084 0.9066666667 0)
(0.088 0.9066666667 0)
(0.092 0.9066666667 0)
(0.096 0.9066666667 0)
(0.1 0.9066666667 0)
(0 0.92 0)
(0.004 0.92 0)
(0.008 0.92 0)
(0.012 0.92 0)
(0.016 0.92 0)
(0.02 0.92 0)
(0.024 0.92 0)
(0.028 0.92 0)
(0.032 0.92 0)
(0.036 0.92 0)
(0.04 0.92 0)
(0.044 0.92 0)
(0.048 0.92 0)
(0.052 0.92 0)
(0.056 0.92 0)
(0.06 0.92 0)
(0.064 0.92 0)
(0.068 0.92 0)
(0.072 0.92 0)
(0.076 0.92 0)
(0.08 0.92 0)
(0.084 0.92 0)
(0.088 0.92 0)
(0.092 0.92 0)
(0.096 0.92 0)
(0.1 0.92 0)
(0 0.9333333333 0)
(0.004 0.9333333333 0)
(0.008 0.9333333333 0)
(0.012 0.9333333333 0)
(0.016 0.9333333333 0)
(0.02 0.9333333333 0)
(0.024 0.9333333333 0)
(0.028 0.9333333333 0)
(0.032 0.9333333333 0)
(0.036 0.9333333333 0)
(0.04 0.9333333333 0)
(0.044 0.9333333333 0)
(0.048 0.9333333333 0)
(0.052 0.9333333333 0)
(0.056 0.9333333333 0)
(0.06 0.9333333333 0)
(0.064 0.9333333333 0)
(0.068 0.9333333333 0)
(0.072 0.9333333333 0)
(0.076 0.9333333333 0)
(0.08 0.9333333333 0)
(0.084 0.9333333333 0)
(0.088 0.9333333333 0)
(0.092 0.9333333333 0)
(0.096 0.9333333333 0)
(0.1 0.9333333333 0)
(0 0.9466666667 0)
(0.004 0.9466666667 0)
(0.008 0.9466666667 0)
(0.012 0.9466666667 0)
(0.016 0.9466666667 0)
(0.02 0.9466666667 0)
(0.024 0.9466666667 0)
(0.028 0.9466666667 0)
(0.032 0.9466666667 0)
(0.036 0.9466666667 0)
(0.04 0.9466666667 0)
(0.044 0.9466666667 0)
(0.048 0.9466666667 0)
(0.052 0.9466666667 0)
(0.056 0.9466666667 0)
(0.06 0.9466666667 0)
(0.064 0.9466666667 0)
(0.068 0.9466666667 0)
(0.072 0.9466666667 0)
(0.076 0.9466666667 0)
(0.08 0.9466666667 0)
(0.084 0.9466666667 0)
(0.088 0.9466666667 0)
(0.092 0.9466666667 0)
(0.096 0.9466666667 0)
(0.1 0.9466666667 0)
(0 0.96 0)
(0.004 0.96 0)
(0.008 0.96 0)
(0.012 0.96 0)
(0.016 0.96 0)
(0.02 0.96 0)
(0.024 0.96 0)
(0.028 0.96 0)
(0.032 0.96 0)
(0.036 0.96 0)
(0.04 0.96 0)
(0.044 0.96 0)
(0.048 0.96 0)
(0.052 0.96 0)
(0.056 0.96 0)
(0.06 0.96 0)
(0.064 0.96 0)
(0.068 0.96 0)
(0.072 0.96 0)
(0.076 0.96 0)
(0.08 0.96 0)
(0.084 0.96 0)
(0.088 0.96 0)
(0.092 0.96 0)
(0.096 0.96 0)
(0.1 0.96 0)
(0 0.9733333333 0)
(0.004 0.9733333333 0)
(0.008 0.9733333333 0)
(0.012 0.9733333333 0)
(0.016 0.9733333333 0)
(0.02 0.9733333333 0)
(0.024 0.9733333333 0)
(0.028 0.9733333333 0)
(0.032 0.9733333333 0)
(0.036 0.9733333333 0)
(0.04 0.9733333333 0)
(0.044 0.9733333333 0)
(0.048 0.9733333333 0)
(0.052 0.9733333333 0)
(0.056 0.9733333333 0)
(0.06 0.9733333333 0)
(0.064 0.9733333333 0)
(0.068 0.9733333333 0)
(0.072 0.9733333333 0)
(0.076 0.9733333333 0)
(0.08 0.9733333333 0)
(0.084 0.9733333333 0)
(0.088 0.9733333333 0)
(0.092 0.9733333333 0)
(0.096 0.9733333333 0)
(0.1 0.9733333333 0)
(0 0.9866666667 0)
(0.004 0.9866666667 0)
(0.008 0.9866666667 0)
(0.012 0.9866666667 0)
(0.016 0.9866666667 0)
(0.02 0.9866666667 0)
(0.024 0.9866666667 0)
(0.028 0.9866666667 0)
(0.032 0.9866666667 0)
(0.036 0.9866666667 0)
(0.04 0.9866666667 0)
(0.044 0.9866666667 0)
(0.048 0.9866666667 0)
(0.052 0.9866666667 0)
(0.056 0.9866666667 0)
(0.06 0.9866666667 0)
(0.064 0.9866666667 0)
(0.068 0.9866666667 0)
(0.072 0.9866666667 0)
(0.076 0.9866666667 0)
(0.08 0.9866666667 0)
(0.084 0.9866666667 0)
(0.088 0.9866666667 0)
(0.092 0.9866666667 0)
(0.096 0.9866666667 0)
(0.1 0.9866666667 0)
(0 1 0)
(0.004 1 0)
(0.008 1 0)
(0.012 1 0)
(0.016 1 0)
(0.02 1 0)
(0.024 1 0)
(0.028 1 0)
(0.032 1 0)
(0.036 1 0)
(0.04 1 0)
(0.044 1 0)
(0.048 1 0)
(0.052 1 0)
(0.056 1 0)
(0.06 1 0)
(0.064 1 0)
(0.068 1 0)
(0.072 1 0)
(0.076 1 0)
(0.08 1 0)
(0.084 1 0)
(0.088 1 0)
(0.092 1 0)
(0.096 1 0)
(0.1 1 0)
(0 0 0.004)
(0.004 0 0.004)
(0.008 0 0.004)
(0.012 0 0.004)
(0.016 0 0.004)
(0.02 0 0.004)
(0.024 0 0.004)
(0.028 0 0.004)
(0.032 0 0.004)
(0.036 0 0.004)
(0.04 0 0.004)
(0.044 0 0.004)
(0.048 0 0.004)
(0.052 0 0.004)
(0.056 0 0.004)
(0.06 0 0.004)
(0.064 0 0.004)
(0.068 0 0.004)
(0.072 0 0.004)
(0.076 0 0.004)
(0.08 0 0.004)
(0.084 0 0.004)
(0.088 0 0.004)
(0.092 0 0.004)
(0.096 0 0.004)
(0.1 0 0.004)
(0 0.01333333333 0.004)
(0.004 0.01333333333 0.004)
(0.008 0.01333333333 0.004)
(0.012 0.01333333333 0.004)
(0.016 0.01333333333 0.004)
(0.02 0.01333333333 0.004)
(0.024 0.01333333333 0.004)
(0.028 0.01333333333 0.004)
(0.032 0.01333333333 0.004)
(0.036 0.01333333333 0.004)
(0.04 0.01333333333 0.004)
(0.044 0.01333333333 0.004)
(0.048 0.01333333333 0.004)
(0.052 0.01333333333 0.004)
(0.056 0.01333333333 0.004)
(0.06 0.01333333333 0.004)
(0.064 0.01333333333 0.004)
(0.068 0.01333333333 0.004)
(0.072 0.01333333333 0.004)
(0.076 0.01333333333 0.004)
(0.08 0.01333333333 0.004)
(0.084 0.01333333333 0.004)
(0.088 0.01333333333 0.004)
(0.092 0.01333333333 0.004)
(0.096 0.01333333333 0.004)
(0.1 0.01333333333 0.004)
(0 0.02666666667 0.004)
(0.004 0.02666666667 0.004)
(0.008 0.02666666667 0.004)
(0.012 0.02666666667 0.004)
(0.016 0.02666666667 0.004)
(0.02 0.02666666667 0.004)
(0.024 0.02666666667 0.004)
(0.028 0.02666666667 0.004)
(0.032 0.02666666667 0.004)
(0.036 0.02666666667 0.004)
(0.04 0.02666666667 0.004)
(0.044 0.02666666667 0.004)
(0.048 0.02666666667 0.004)
(0.052 0.02666666667 0.004)
(0.056 0.02666666667 0.004)
(0.06 0.02666666667 0.004)
(0.064 0.02666666667 0.004)
(0.068 0.02666666667 0.004)
(0.072 0.02666666667 0.004)
(0.076 0.02666666667 0.004)
(0.08 0.02666666667 0.004)
(0.084 0.02666666667 0.004)
(0.088 0.02666666667 0.004)
(0.092 0.02666666667 0.004)
(0.096 0.02666666667 0.004)
(0.1 0.02666666667 0.004)
(0 0.04 0.004)
(0.004 0.04 0.004)
(0.008 0.04 0.004)
(0.012 0.04 0.004)
(0.016 0.04 0.004)
(0.02 0.04 0.004)
(0.024 0.04 0.004)
(0.028 0.04 0.004)
(0.032 0.04 0.004)
(0.036 0.04 0.004)
(0.04 0.04 0.004)
(0.044 0.04 0.004)
(0.048 0.04 0.004)
(0.052 0.04 0.004)
(0.056 0.04 0.004)
(0.06 0.04 0.004)
(0.064 0.04 0.004)
(0.068 0.04 0.004)
(0.072 0.04 0.004)
(0.076 0.04 0.004)
(0.08 0.04 0.004)
(0.084 0.04 0.004)
(0.088 0.04 0.004)
(0.092 0.04 0.004)
(0.096 0.04 0.004)
(0.1 0.04 0.004)
(0 0.05333333333 0.004)
(0.004 0.05333333333 0.004)
(0.008 0.05333333333 0.004)
(0.012 0.05333333333 0.004)
(0.016 0.05333333333 0.004)
(0.02 0.05333333333 0.004)
(0.024 0.05333333333 0.004)
(0.028 0.05333333333 0.004)
(0.032 0.05333333333 0.004)
(0.036 0.05333333333 0.004)
(0.04 0.05333333333 0.004)
(0.044 0.05333333333 0.004)
(0.048 0.05333333333 0.004)
(0.052 0.05333333333 0.004)
(0.056 0.05333333333 0.004)
(0.06 0.05333333333 0.004)
(0.064 0.05333333333 0.004)
(0.068 0.05333333333 0.004)
(0.072 0.05333333333 0.004)
(0.076 0.05333333333 0.004)
(0.08 0.05333333333 0.004)
(0.084 0.05333333333 0.004)
(0.088 0.05333333333 0.004)
(0.092 0.05333333333 0.004)
(0.096 0.05333333333 0.004)
(0.1 0.05333333333 0.004)
(0 0.06666666667 0.004)
(0.004 0.06666666667 0.004)
(0.008 0.06666666667 0.004)
(0.012 0.06666666667 0.004)
(0.016 0.06666666667 0.004)
(0.02 0.06666666667 0.004)
(0.024 0.06666666667 0.004)
(0.028 0.06666666667 0.004)
(0.032 0.06666666667 0.004)
(0.036 0.06666666667 0.004)
(0.04 0.06666666667 0.004)
(0.044 0.06666666667 0.004)
(0.048 0.06666666667 0.004)
(0.052 0.06666666667 0.004)
(0.056 0.06666666667 0.004)
(0.06 0.06666666667 0.004)
(0.064 0.06666666667 0.004)
(0.068 0.06666666667 0.004)
(0.072 0.06666666667 0.004)
(0.076 0.06666666667 0.004)
(0.08 0.06666666667 0.004)
(0.084 0.06666666667 0.004)
(0.088 0.06666666667 0.004)
(0.092 0.06666666667 0.004)
(0.096 0.06666666667 0.004)
(0.1 0.06666666667 0.004)
(0 0.08 0.004)
(0.004 0.08 0.004)
(0.008 0.08 0.004)
(0.012 0.08 0.004)
(0.016 0.08 0.004)
(0.02 0.08 0.004)
(0.024 0.08 0.004)
(0.028 0.08 0.004)
(0.032 0.08 0.004)
(0.036 0.08 0.004)
(0.04 0.08 0.004)
(0.044 0.08 0.004)
(0.048 0.08 0.004)
(0.052 0.08 0.004)
(0.056 0.08 0.004)
(0.06 0.08 0.004)
(0.064 0.08 0.004)
(0.068 0.08 0.004)
(0.072 0.08 0.004)
(0.076 0.08 0.004)
(0.08 0.08 0.004)
(0.084 0.08 0.004)
(0.088 0.08 0.004)
(0.092 0.08 0.004)
(0.096 0.08 0.004)
(0.1 0.08 0.004)
(0 0.09333333333 0.004)
(0.004 0.09333333333 0.004)
(0.008 0.09333333333 0.004)
(0.012 0.09333333333 0.004)
(0.016 0.09333333333 0.004)
(0.02 0.09333333333 0.004)
(0.024 0.09333333333 0.004)
(0.028 0.09333333333 0.004)
(0.032 0.09333333333 0.004)
(0.036 0.09333333333 0.004)
(0.04 0.09333333333 0.004)
(0.044 0.09333333333 0.004)
(0.048 0.09333333333 0.004)
(0.052 0.09333333333 0.004)
(0.056 0.09333333333 0.004)
(0.06 0.09333333333 0.004)
(0.064 0.09333333333 0.004)
(0.068 0.09333333333 0.004)
(0.072 0.09333333333 0.004)
(0.076 0.09333333333 0.004)
(0.08 0.09333333333 0.004)
(0.084 0.09333333333 0.004)
(0.088 0.09333333333 0.004)
(0.092 0.09333333333 0.004)
(0.096 0.09333333333 0.004)
(0.1 0.09333333333 0.004)
(0 0.1066666667 0.004)
(0.004 0.1066666667 0.004)
(0.008 0.1066666667 0.004)
(0.012 0.1066666667 0.004)
(0.016 0.1066666667 0.004)
(0.02 0.1066666667 0.004)
(0.024 0.1066666667 0.004)
(0.028 0.1066666667 0.004)
(0.032 0.1066666667 0.004)
(0.036 0.1066666667 0.004)
(0.04 0.1066666667 0.004)
(0.044 0.1066666667 0.004)
(0.048 0.1066666667 0.004)
(0.052 0.1066666667 0.004)
(0.056 0.1066666667 0.004)
(0.06 0.1066666667 0.004)
(0.064 0.1066666667 0.004)
(0.068 0.1066666667 0.004)
(0.072 0.1066666667 0.004)
(0.076 0.1066666667 0.004)
(0.08 0.1066666667 0.004)
(0.084 0.1066666667 0.004)
(0.088 0.1066666667 0.004)
(0.092 0.1066666667 0.004)
(0.096 0.1066666667 0.004)
(0.1 0.1066666667 0.004)
(0 0.12 0.004)
(0.004 0.12 0.004)
(0.008 0.12 0.004)
(0.012 0.12 0.004)
(0.016 0.12 0.004)
(0.02 0.12 0.004)
(0.024 0.12 0.004)
(0.028 0.12 0.004)
(0.032 0.12 0.004)
(0.036 0.12 0.004)
(0.04 0.12 0.004)
(0.044 0.12 0.004)
(0.048 0.12 0.004)
(0.052 0.12 0.004)
(0.056 0.12 0.004)
(0.06 0.12 0.004)
(0.064 0.12 0.004)
(0.068 0.12 0.004)
(0.072 0.12 0.004)
(0.076 0.12 0.004)
(0.08 0.12 0.004)
(0.084 0.12 0.004)
(0.088 0.12 0.004)
(0.092 0.12 0.004)
(0.096 0.12 0.004)
(0.1 0.12 0.004)
(0 0.1333333333 0.004)
(0.004 0.1333333333 0.004)
(0.008 0.1333333333 0.004)
(0.012 0.1333333333 0.004)
(0.016 0.1333333333 0.004)
(0.02 0.1333333333 0.004)
(0.024 0.1333333333 0.004)
(0.028 0.1333333333 0.004)
(0.032 0.1333333333 0.004)
(0.036 0.1333333333 0.004)
(0.04 0.1333333333 0.004)
(0.044 0.1333333333 0.004)
(0.048 0.1333333333 0.004)
(0.052 0.1333333333 0.004)
(0.056 0.1333333333 0.004)
(0.06 0.1333333333 0.004)
(0.064 0.1333333333 0.004)
(0.068 0.1333333333 0.004)
(0.072 0.1333333333 0.004)
(0.076 0.1333333333 0.004)
(0.08 0.1333333333 0.004)
(0.084 0.1333333333 0.004)
(0.088 0.1333333333 0.004)
(0.092 0.1333333333 0.004)
(0.096 0.1333333333 0.004)
(0.1 0.1333333333 0.004)
(0 0.1466666667 0.004)
(0.004 0.1466666667 0.004)
(0.008 0.1466666667 0.004)
(0.012 0.1466666667 0.004)
(0.016 0.1466666667 0.004)
(0.02 0.1466666667 0.004)
(0.024 0.1466666667 0.004)
(0.028 0.1466666667 0.004)
(0.032 0.1466666667 0.004)
(0.036 0.1466666667 0.004)
(0.04 0.1466666667 0.004)
(0.044 0.1466666667 0.004)
(0.048 0.1466666667 0.004)
(0.052 0.1466666667 0.004)
(0.056 0.1466666667 0.004)
(0.06 0.1466666667 0.004)
(0.064 0.1466666667 0.004)
(0.068 0.1466666667 0.004)
(0.072 0.1466666667 0.004)
(0.076 0.1466666667 0.004)
(0.08 0.1466666667 0.004)
(0.084 0.1466666667 0.004)
(0.088 0.1466666667 0.004)
(0.092 0.1466666667 0.004)
(0.096 0.1466666667 0.004)
(0.1 0.1466666667 0.004)
(0 0.16 0.004)
(0.004 0.16 0.004)
(0.008 0.16 0.004)
(0.012 0.16 0.004)
(0.016 0.16 0.004)
(0.02 0.16 0.004)
(0.024 0.16 0.004)
(0.028 0.16 0.004)
(0.032 0.16 0.004)
(0.036 0.16 0.004)
(0.04 0.16 0.004)
(0.044 0.16 0.004)
(0.048 0.16 0.004)
(0.052 0.16 0.004)
(0.056 0.16 0.004)
(0.06 0.16 0.004)
(0.064 0.16 0.004)
(0.068 0.16 0.004)
(0.072 0.16 0.004)
(0.076 0.16 0.004)
(0.08 0.16 0.004)
(0.084 0.16 0.004)
(0.088 0.16 0.004)
(0.092 0.16 0.004)
(0.096 0.16 0.004)
(0.1 0.16 0.004)
(0 0.1733333333 0.004)
(0.004 0.1733333333 0.004)
(0.008 0.1733333333 0.004)
(0.012 0.1733333333 0.004)
(0.016 0.1733333333 0.004)
(0.02 0.1733333333 0.004)
(0.024 0.1733333333 0.004)
(0.028 0.1733333333 0.004)
(0.032 0.1733333333 0.004)
(0.036 0.1733333333 0.004)
(0.04 0.1733333333 0.004)
(0.044 0.1733333333 0.004)
(0.048 0.1733333333 0.004)
(0.052 0.1733333333 0.004)
(0.056 0.1733333333 0.004)
(0.06 0.1733333333 0.004)
(0.064 0.1733333333 0.004)
(0.068 0.1733333333 0.004)
(0.072 0.1733333333 0.004)
(0.076 0.1733333333 0.004)
(0.08 0.1733333333 0.004)
(0.084 0.1733333333 0.004)
(0.088 0.1733333333 0.004)
(0.092 0.1733333333 0.004)
(0.096 0.1733333333 0.004)
(0.1 0.1733333333 0.004)
(0 0.1866666667 0.004)
(0.004 0.1866666667 0.004)
(0.008 0.1866666667 0.004)
(0.012 0.1866666667 0.004)
(0.016 0.1866666667 0.004)
(0.02 0.1866666667 0.004)
(0.024 0.1866666667 0.004)
(0.028 0.1866666667 0.004)
(0.032 0.1866666667 0.004)
(0.036 0.1866666667 0.004)
(0.04 0.1866666667 0.004)
(0.044 0.1866666667 0.004)
(0.048 0.1866666667 0.004)
(0.052 0.1866666667 0.004)
(0.056 0.1866666667 0.004)
(0.06 0.1866666667 0.004)
(0.064 0.1866666667 0.004)
(0.068 0.1866666667 0.004)
(0.072 0.1866666667 0.004)
(0.076 0.1866666667 0.004)
(0.08 0.1866666667 0.004)
(0.084 0.1866666667 0.004)
(0.088 0.1866666667 0.004)
(0.092 0.1866666667 0.004)
(0.096 0.1866666667 0.004)
(0.1 0.1866666667 0.004)
(0 0.2 0.004)
(0.004 0.2 0.004)
(0.008 0.2 0.004)
(0.012 0.2 0.004)
(0.016 0.2 0.004)
(0.02 0.2 0.004)
(0.024 0.2 0.004)
(0.028 0.2 0.004)
(0.032 0.2 0.004)
(0.036 0.2 0.004)
(0.04 0.2 0.004)
(0.044 0.2 0.004)
(0.048 0.2 0.004)
(0.052 0.2 0.004)
(0.056 0.2 0.004)
(0.06 0.2 0.004)
(0.064 0.2 0.004)
(0.068 0.2 0.004)
(0.072 0.2 0.004)
(0.076 0.2 0.004)
(0.08 0.2 0.004)
(0.084 0.2 0.004)
(0.088 0.2 0.004)
(0.092 0.2 0.004)
(0.096 0.2 0.004)
(0.1 0.2 0.004)
(0 0.2133333333 0.004)
(0.004 0.2133333333 0.004)
(0.008 0.2133333333 0.004)
(0.012 0.2133333333 0.004)
(0.016 0.2133333333 0.004)
(0.02 0.2133333333 0.004)
(0.024 0.2133333333 0.004)
(0.028 0.2133333333 0.004)
(0.032 0.2133333333 0.004)
(0.036 0.2133333333 0.004)
(0.04 0.2133333333 0.004)
(0.044 0.2133333333 0.004)
(0.048 0.2133333333 0.004)
(0.052 0.2133333333 0.004)
(0.056 0.2133333333 0.004)
(0.06 0.2133333333 0.004)
(0.064 0.2133333333 0.004)
(0.068 0.2133333333 0.004)
(0.072 0.2133333333 0.004)
(0.076 0.2133333333 0.004)
(0.08 0.2133333333 0.004)
(0.084 0.2133333333 0.004)
(0.088 0.2133333333 0.004)
(0.092 0.2133333333 0.004)
(0.096 0.2133333333 0.004)
(0.1 0.2133333333 0.004)
(0 0.2266666667 0.004)
(0.004 0.2266666667 0.004)
(0.008 0.2266666667 0.004)
(0.012 0.2266666667 0.004)
(0.016 0.2266666667 0.004)
(0.02 0.2266666667 0.004)
(0.024 0.2266666667 0.004)
(0.028 0.2266666667 0.004)
(0.032 0.2266666667 0.004)
(0.036 0.2266666667 0.004)
(0.04 0.2266666667 0.004)
(0.044 0.2266666667 0.004)
(0.048 0.2266666667 0.004)
(0.052 0.2266666667 0.004)
(0.056 0.2266666667 0.004)
(0.06 0.2266666667 0.004)
(0.064 0.2266666667 0.004)
(0.068 0.2266666667 0.004)
(0.072 0.2266666667 0.004)
(0.076 0.2266666667 0.004)
(0.08 0.2266666667 0.004)
(0.084 0.2266666667 0.004)
(0.088 0.2266666667 0.004)
(0.092 0.2266666667 0.004)
(0.096 0.2266666667 0.004)
(0.1 0.2266666667 0.004)
(0 0.24 0.004)
(0.004 0.24 0.004)
(0.008 0.24 0.004)
(0.012 0.24 0.004)
(0.016 0.24 0.004)
(0.02 0.24 0.004)
(0.024 0.24 0.004)
(0.028 0.24 0.004)
(0.032 0.24 0.004)
(0.036 0.24 0.004)
(0.04 0.24 0.004)
(0.044 0.24 0.004)
(0.048 0.24 0.004)
(0.052 0.24 0.004)
(0.056 0.24 0.004)
(0.06 0.24 0.004)
(0.064 0.24 0.004)
(0.068 0.24 0.004)
(0.072 0.24 0.004)
(0.076 0.24 0.004)
(0.08 0.24 0.004)
(0.084 0.24 0.004)
(0.088 0.24 0.004)
(0.092 0.24 0.004)
(0.096 0.24 0.004)
(0.1 0.24 0.004)
(0 0.2533333333 0.004)
(0.004 0.2533333333 0.004)
(0.008 0.2533333333 0.004)
(0.012 0.2533333333 0.004)
(0.016 0.2533333333 0.004)
(0.02 0.2533333333 0.004)
(0.024 0.2533333333 0.004)
(0.028 0.2533333333 0.004)
(0.032 0.2533333333 0.004)
(0.036 0.2533333333 0.004)
(0.04 0.2533333333 0.004)
(0.044 0.2533333333 0.004)
(0.048 0.2533333333 0.004)
(0.052 0.2533333333 0.004)
(0.056 0.2533333333 0.004)
(0.06 0.2533333333 0.004)
(0.064 0.2533333333 0.004)
(0.068 0.2533333333 0.004)
(0.072 0.2533333333 0.004)
(0.076 0.2533333333 0.004)
(0.08 0.2533333333 0.004)
(0.084 0.2533333333 0.004)
(0.088 0.2533333333 0.004)
(0.092 0.2533333333 0.004)
(0.096 0.2533333333 0.004)
(0.1 0.2533333333 0.004)
(0 0.2666666667 0.004)
(0.004 0.2666666667 0.004)
(0.008 0.2666666667 0.004)
(0.012 0.2666666667 0.004)
(0.016 0.2666666667 0.004)
(0.02 0.2666666667 0.004)
(0.024 0.2666666667 0.004)
(0.028 0.2666666667 0.004)
(0.032 0.2666666667 0.004)
(0.036 0.2666666667 0.004)
(0.04 0.2666666667 0.004)
(0.044 0.2666666667 0.004)
(0.048 0.2666666667 0.004)
(0.052 0.2666666667 0.004)
(0.056 0.2666666667 0.004)
(0.06 0.2666666667 0.004)
(0.064 0.2666666667 0.004)
(0.068 0.2666666667 0.004)
(0.072 0.2666666667 0.004)
(0.076 0.2666666667 0.004)
(0.08 0.2666666667 0.004)
(0.084 0.2666666667 0.004)
(0.088 0.2666666667 0.004)
(0.092 0.2666666667 0.004)
(0.096 0.2666666667 0.004)
(0.1 0.2666666667 0.004)
(0 0.28 0.004)
(0.004 0.28 0.004)
(0.008 0.28 0.004)
(0.012 0.28 0.004)
(0.016 0.28 0.004)
(0.02 0.28 0.004)
(0.024 0.28 0.004)
(0.028 0.28 0.004)
(0.032 0.28 0.004)
(0.036 0.28 0.004)
(0.04 0.28 0.004)
(0.044 0.28 0.004)
(0.048 0.28 0.004)
(0.052 0.28 0.004)
(0.056 0.28 0.004)
(0.06 0.28 0.004)
(0.064 0.28 0.004)
(0.068 0.28 0.004)
(0.072 0.28 0.004)
(0.076 0.28 0.004)
(0.08 0.28 0.004)
(0.084 0.28 0.004)
(0.088 0.28 0.004)
(0.092 0.28 0.004)
(0.096 0.28 0.004)
(0.1 0.28 0.004)
(0 0.2933333333 0.004)
(0.004 0.2933333333 0.004)
(0.008 0.2933333333 0.004)
(0.012 0.2933333333 0.004)
(0.016 0.2933333333 0.004)
(0.02 0.2933333333 0.004)
(0.024 0.2933333333 0.004)
(0.028 0.2933333333 0.004)
(0.032 0.2933333333 0.004)
(0.036 0.2933333333 0.004)
(0.04 0.2933333333 0.004)
(0.044 0.2933333333 0.004)
(0.048 0.2933333333 0.004)
(0.052 0.2933333333 0.004)
(0.056 0.2933333333 0.004)
(0.06 0.2933333333 0.004)
(0.064 0.2933333333 0.004)
(0.068 0.2933333333 0.004)
(0.072 0.2933333333 0.004)
(0.076 0.2933333333 0.004)
(0.08 0.2933333333 0.004)
(0.084 0.2933333333 0.004)
(0.088 0.2933333333 0.004)
(0.092 0.2933333333 0.004)
(0.096 0.2933333333 0.004)
(0.1 0.2933333333 0.004)
(0 0.3066666667 0.004)
(0.004 0.3066666667 0.004)
(0.008 0.3066666667 0.004)
(0.012 0.3066666667 0.004)
(0.016 0.3066666667 0.004)
(0.02 0.3066666667 0.004)
(0.024 0.3066666667 0.004)
(0.028 0.3066666667 0.004)
(0.032 0.3066666667 0.004)
(0.036 0.3066666667 0.004)
(0.04 0.3066666667 0.004)
(0.044 0.3066666667 0.004)
(0.048 0.3066666667 0.004)
(0.052 0.3066666667 0.004)
(0.056 0.3066666667 0.004)
(0.06 0.3066666667 0.004)
(0.064 0.3066666667 0.004)
(0.068 0.3066666667 0.004)
(0.072 0.3066666667 0.004)
(0.076 0.3066666667 0.004)
(0.08 0.3066666667 0.004)
(0.084 0.3066666667 0.004)
(0.088 0.3066666667 0.004)
(0.092 0.3066666667 0.004)
(0.096 0.3066666667 0.004)
(0.1 0.3066666667 0.004)
(0 0.32 0.004)
(0.004 0.32 0.004)
(0.008 0.32 0.004)
(0.012 0.32 0.004)
(0.016 0.32 0.004)
(0.02 0.32 0.004)
(0.024 0.32 0.004)
(0.028 0.32 0.004)
(0.032 0.32 0.004)
(0.036 0.32 0.004)
(0.04 0.32 0.004)
(0.044 0.32 0.004)
(0.048 0.32 0.004)
(0.052 0.32 0.004)
(0.056 0.32 0.004)
(0.06 0.32 0.004)
(0.064 0.32 0.004)
(0.068 0.32 0.004)
(0.072 0.32 0.004)
(0.076 0.32 0.004)
(0.08 0.32 0.004)
(0.084 0.32 0.004)
(0.088 0.32 0.004)
(0.092 0.32 0.004)
(0.096 0.32 0.004)
(0.1 0.32 0.004)
(0 0.3333333333 0.004)
(0.004 0.3333333333 0.004)
(0.008 0.3333333333 0.004)
(0.012 0.3333333333 0.004)
(0.016 0.3333333333 0.004)
(0.02 0.3333333333 0.004)
(0.024 0.3333333333 0.004)
(0.028 0.3333333333 0.004)
(0.032 0.3333333333 0.004)
(0.036 0.3333333333 0.004)
(0.04 0.3333333333 0.004)
(0.044 0.3333333333 0.004)
(0.048 0.3333333333 0.004)
(0.052 0.3333333333 0.004)
(0.056 0.3333333333 0.004)
(0.06 0.3333333333 0.004)
(0.064 0.3333333333 0.004)
(0.068 0.3333333333 0.004)
(0.072 0.3333333333 0.004)
(0.076 0.3333333333 0.004)
(0.08 0.3333333333 0.004)
(0.084 0.3333333333 0.004)
(0.088 0.3333333333 0.004)
(0.092 0.3333333333 0.004)
(0.096 0.3333333333 0.004)
(0.1 0.3333333333 0.004)
(0 0.3466666667 0.004)
(0.004 0.3466666667 0.004)
(0.008 0.3466666667 0.004)
(0.012 0.3466666667 0.004)
(0.016 0.3466666667 0.004)
(0.02 0.3466666667 0.004)
(0.024 0.3466666667 0.004)
(0.028 0.3466666667 0.004)
(0.032 0.3466666667 0.004)
(0.036 0.3466666667 0.004)
(0.04 0.3466666667 0.004)
(0.044 0.3466666667 0.004)
(0.048 0.3466666667 0.004)
(0.052 0.3466666667 0.004)
(0.056 0.3466666667 0.004)
(0.06 0.3466666667 0.004)
(0.064 0.3466666667 0.004)
(0.068 0.3466666667 0.004)
(0.072 0.3466666667 0.004)
(0.076 0.3466666667 0.004)
(0.08 0.3466666667 0.004)
(0.084 0.3466666667 0.004)
(0.088 0.3466666667 0.004)
(0.092 0.3466666667 0.004)
(0.096 0.3466666667 0.004)
(0.1 0.3466666667 0.004)
(0 0.36 0.004)
(0.004 0.36 0.004)
(0.008 0.36 0.004)
(0.012 0.36 0.004)
(0.016 0.36 0.004)
(0.02 0.36 0.004)
(0.024 0.36 0.004)
(0.028 0.36 0.004)
(0.032 0.36 0.004)
(0.036 0.36 0.004)
(0.04 0.36 0.004)
(0.044 0.36 0.004)
(0.048 0.36 0.004)
(0.052 0.36 0.004)
(0.056 0.36 0.004)
(0.06 0.36 0.004)
(0.064 0.36 0.004)
(0.068 0.36 0.004)
(0.072 0.36 0.004)
(0.076 0.36 0.004)
(0.08 0.36 0.004)
(0.084 0.36 0.004)
(0.088 0.36 0.004)
(0.092 0.36 0.004)
(0.096 0.36 0.004)
(0.1 0.36 0.004)
(0 0.3733333333 0.004)
(0.004 0.3733333333 0.004)
(0.008 0.3733333333 0.004)
(0.012 0.3733333333 0.004)
(0.016 0.3733333333 0.004)
(0.02 0.3733333333 0.004)
(0.024 0.3733333333 0.004)
(0.028 0.3733333333 0.004)
(0.032 0.3733333333 0.004)
(0.036 0.3733333333 0.004)
(0.04 0.3733333333 0.004)
(0.044 0.3733333333 0.004)
(0.048 0.3733333333 0.004)
(0.052 0.3733333333 0.004)
(0.056 0.3733333333 0.004)
(0.06 0.3733333333 0.004)
(0.064 0.3733333333 0.004)
(0.068 0.3733333333 0.004)
(0.072 0.3733333333 0.004)
(0.076 0.3733333333 0.004)
(0.08 0.3733333333 0.004)
(0.084 0.3733333333 0.004)
(0.088 0.3733333333 0.004)
(0.092 0.3733333333 0.004)
(0.096 0.3733333333 0.004)
(0.1 0.3733333333 0.004)
(0 0.3866666667 0.004)
(0.004 0.3866666667 0.004)
(0.008 0.3866666667 0.004)
(0.012 0.3866666667 0.004)
(0.016 0.3866666667 0.004)
(0.02 0.3866666667 0.004)
(0.024 0.3866666667 0.004)
(0.028 0.3866666667 0.004)
(0.032 0.3866666667 0.004)
(0.036 0.3866666667 0.004)
(0.04 0.3866666667 0.004)
(0.044 0.3866666667 0.004)
(0.048 0.3866666667 0.004)
(0.052 0.3866666667 0.004)
(0.056 0.3866666667 0.004)
(0.06 0.3866666667 0.004)
(0.064 0.3866666667 0.004)
(0.068 0.3866666667 0.004)
(0.072 0.3866666667 0.004)
(0.076 0.3866666667 0.004)
(0.08 0.3866666667 0.004)
(0.084 0.3866666667 0.004)
(0.088 0.3866666667 0.004)
(0.092 0.3866666667 0.004)
(0.096 0.3866666667 0.004)
(0.1 0.3866666667 0.004)
(0 0.4 0.004)
(0.004 0.4 0.004)
(0.008 0.4 0.004)
(0.012 0.4 0.004)
(0.016 0.4 0.004)
(0.02 0.4 0.004)
(0.024 0.4 0.004)
(0.028 0.4 0.004)
(0.032 0.4 0.004)
(0.036 0.4 0.004)
(0.04 0.4 0.004)
(0.044 0.4 0.004)
(0.048 0.4 0.004)
(0.052 0.4 0.004)
(0.056 0.4 0.004)
(0.06 0.4 0.004)
(0.064 0.4 0.004)
(0.068 0.4 0.004)
(0.072 0.4 0.004)
(0.076 0.4 0.004)
(0.08 0.4 0.004)
(0.084 0.4 0.004)
(0.088 0.4 0.004)
(0.092 0.4 0.004)
(0.096 0.4 0.004)
(0.1 0.4 0.004)
(0 0.4133333333 0.004)
(0.004 0.4133333333 0.004)
(0.008 0.4133333333 0.004)
(0.012 0.4133333333 0.004)
(0.016 0.4133333333 0.004)
(0.02 0.4133333333 0.004)
(0.024 0.4133333333 0.004)
(0.028 0.4133333333 0.004)
(0.032 0.4133333333 0.004)
(0.036 0.4133333333 0.004)
(0.04 0.4133333333 0.004)
(0.044 0.4133333333 0.004)
(0.048 0.4133333333 0.004)
(0.052 0.4133333333 0.004)
(0.056 0.4133333333 0.004)
(0.06 0.4133333333 0.004)
(0.064 0.4133333333 0.004)
(0.068 0.4133333333 0.004)
(0.072 0.4133333333 0.004)
(0.076 0.4133333333 0.004)
(0.08 0.4133333333 0.004)
(0.084 0.4133333333 0.004)
(0.088 0.4133333333 0.004)
(0.092 0.4133333333 0.004)
(0.096 0.4133333333 0.004)
(0.1 0.4133333333 0.004)
(0 0.4266666667 0.004)
(0.004 0.4266666667 0.004)
(0.008 0.4266666667 0.004)
(0.012 0.4266666667 0.004)
(0.016 0.4266666667 0.004)
(0.02 0.4266666667 0.004)
(0.024 0.4266666667 0.004)
(0.028 0.4266666667 0.004)
(0.032 0.4266666667 0.004)
(0.036 0.4266666667 0.004)
(0.04 0.4266666667 0.004)
(0.044 0.4266666667 0.004)
(0.048 0.4266666667 0.004)
(0.052 0.4266666667 0.004)
(0.056 0.4266666667 0.004)
(0.06 0.4266666667 0.004)
(0.064 0.4266666667 0.004)
(0.068 0.4266666667 0.004)
(0.072 0.4266666667 0.004)
(0.076 0.4266666667 0.004)
(0.08 0.4266666667 0.004)
(0.084 0.4266666667 0.004)
(0.088 0.4266666667 0.004)
(0.092 0.4266666667 0.004)
(0.096 0.4266666667 0.004)
(0.1 0.4266666667 0.004)
(0 0.44 0.004)
(0.004 0.44 0.004)
(0.008 0.44 0.004)
(0.012 0.44 0.004)
(0.016 0.44 0.004)
(0.02 0.44 0.004)
(0.024 0.44 0.004)
(0.028 0.44 0.004)
(0.032 0.44 0.004)
(0.036 0.44 0.004)
(0.04 0.44 0.004)
(0.044 0.44 0.004)
(0.048 0.44 0.004)
(0.052 0.44 0.004)
(0.056 0.44 0.004)
(0.06 0.44 0.004)
(0.064 0.44 0.004)
(0.068 0.44 0.004)
(0.072 0.44 0.004)
(0.076 0.44 0.004)
(0.08 0.44 0.004)
(0.084 0.44 0.004)
(0.088 0.44 0.004)
(0.092 0.44 0.004)
(0.096 0.44 0.004)
(0.1 0.44 0.004)
(0 0.4533333333 0.004)
(0.004 0.4533333333 0.004)
(0.008 0.4533333333 0.004)
(0.012 0.4533333333 0.004)
(0.016 0.4533333333 0.004)
(0.02 0.4533333333 0.004)
(0.024 0.4533333333 0.004)
(0.028 0.4533333333 0.004)
(0.032 0.4533333333 0.004)
(0.036 0.4533333333 0.004)
(0.04 0.4533333333 0.004)
(0.044 0.4533333333 0.004)
(0.048 0.4533333333 0.004)
(0.052 0.4533333333 0.004)
(0.056 0.4533333333 0.004)
(0.06 0.4533333333 0.004)
(0.064 0.4533333333 0.004)
(0.068 0.4533333333 0.004)
(0.072 0.4533333333 0.004)
(0.076 0.4533333333 0.004)
(0.08 0.4533333333 0.004)
(0.084 0.4533333333 0.004)
(0.088 0.4533333333 0.004)
(0.092 0.4533333333 0.004)
(0.096 0.4533333333 0.004)
(0.1 0.4533333333 0.004)
(0 0.4666666667 0.004)
(0.004 0.4666666667 0.004)
(0.008 0.4666666667 0.004)
(0.012 0.4666666667 0.004)
(0.016 0.4666666667 0.004)
(0.02 0.4666666667 0.004)
(0.024 0.4666666667 0.004)
(0.028 0.4666666667 0.004)
(0.032 0.4666666667 0.004)
(0.036 0.4666666667 0.004)
(0.04 0.4666666667 0.004)
(0.044 0.4666666667 0.004)
(0.048 0.4666666667 0.004)
(0.052 0.4666666667 0.004)
(0.056 0.4666666667 0.004)
(0.06 0.4666666667 0.004)
(0.064 0.4666666667 0.004)
(0.068 0.4666666667 0.004)
(0.072 0.4666666667 0.004)
(0.076 0.4666666667 0.004)
(0.08 0.4666666667 0.004)
(0.084 0.4666666667 0.004)
(0.088 0.4666666667 0.004)
(0.092 0.4666666667 0.004)
(0.096 0.4666666667 0.004)
(0.1 0.4666666667 0.004)
(0 0.48 0.004)
(0.004 0.48 0.004)
(0.008 0.48 0.004)
(0.012 0.48 0.004)
(0.016 0.48 0.004)
(0.02 0.48 0.004)
(0.024 0.48 0.004)
(0.028 0.48 0.004)
(0.032 0.48 0.004)
(0.036 0.48 0.004)
(0.04 0.48 0.004)
(0.044 0.48 0.004)
(0.048 0.48 0.004)
(0.052 0.48 0.004)
(0.056 0.48 0.004)
(0.06 0.48 0.004)
(0.064 0.48 0.004)
(0.068 0.48 0.004)
(0.072 0.48 0.004)
(0.076 0.48 0.004)
(0.08 0.48 0.004)
(0.084 0.48 0.004)
(0.088 0.48 0.004)
(0.092 0.48 0.004)
(0.096 0.48 0.004)
(0.1 0.48 0.004)
(0 0.4933333333 0.004)
(0.004 0.4933333333 0.004)
(0.008 0.4933333333 0.004)
(0.012 0.4933333333 0.004)
(0.016 0.4933333333 0.004)
(0.02 0.4933333333 0.004)
(0.024 0.4933333333 0.004)
(0.028 0.4933333333 0.004)
(0.032 0.4933333333 0.004)
(0.036 0.4933333333 0.004)
(0.04 0.4933333333 0.004)
(0.044 0.4933333333 0.004)
(0.048 0.4933333333 0.004)
(0.052 0.4933333333 0.004)
(0.056 0.4933333333 0.004)
(0.06 0.4933333333 0.004)
(0.064 0.4933333333 0.004)
(0.068 0.4933333333 0.004)
(0.072 0.4933333333 0.004)
(0.076 0.4933333333 0.004)
(0.08 0.4933333333 0.004)
(0.084 0.4933333333 0.004)
(0.088 0.4933333333 0.004)
(0.092 0.4933333333 0.004)
(0.096 0.4933333333 0.004)
(0.1 0.4933333333 0.004)
(0 0.5066666667 0.004)
(0.004 0.5066666667 0.004)
(0.008 0.5066666667 0.004)
(0.012 0.5066666667 0.004)
(0.016 0.5066666667 0.004)
(0.02 0.5066666667 0.004)
(0.024 0.5066666667 0.004)
(0.028 0.5066666667 0.004)
(0.032 0.5066666667 0.004)
(0.036 0.5066666667 0.004)
(0.04 0.5066666667 0.004)
(0.044 0.5066666667 0.004)
(0.048 0.5066666667 0.004)
(0.052 0.5066666667 0.004)
(0.056 0.5066666667 0.004)
(0.06 0.5066666667 0.004)
(0.064 0.5066666667 0.004)
(0.068 0.5066666667 0.004)
(0.072 0.5066666667 0.004)
(0.076 0.5066666667 0.004)
(0.08 0.5066666667 0.004)
(0.084 0.5066666667 0.004)
(0.088 0.5066666667 0.004)
(0.092 0.5066666667 0.004)
(0.096 0.5066666667 0.004)
(0.1 0.5066666667 0.004)
(0 0.52 0.004)
(0.004 0.52 0.004)
(0.008 0.52 0.004)
(0.012 0.52 0.004)
(0.016 0.52 0.004)
(0.02 0.52 0.004)
(0.024 0.52 0.004)
(0.028 0.52 0.004)
(0.032 0.52 0.004)
(0.036 0.52 0.004)
(0.04 0.52 0.004)
(0.044 0.52 0.004)
(0.048 0.52 0.004)
(0.052 0.52 0.004)
(0.056 0.52 0.004)
(0.06 0.52 0.004)
(0.064 0.52 0.004)
(0.068 0.52 0.004)
(0.072 0.52 0.004)
(0.076 0.52 0.004)
(0.08 0.52 0.004)
(0.084 0.52 0.004)
(0.088 0.52 0.004)
(0.092 0.52 0.004)
(0.096 0.52 0.004)
(0.1 0.52 0.004)
(0 0.5333333333 0.004)
(0.004 0.5333333333 0.004)
(0.008 0.5333333333 0.004)
(0.012 0.5333333333 0.004)
(0.016 0.5333333333 0.004)
(0.02 0.5333333333 0.004)
(0.024 0.5333333333 0.004)
(0.028 0.5333333333 0.004)
(0.032 0.5333333333 0.004)
(0.036 0.5333333333 0.004)
(0.04 0.5333333333 0.004)
(0.044 0.5333333333 0.004)
(0.048 0.5333333333 0.004)
(0.052 0.5333333333 0.004)
(0.056 0.5333333333 0.004)
(0.06 0.5333333333 0.004)
(0.064 0.5333333333 0.004)
(0.068 0.5333333333 0.004)
(0.072 0.5333333333 0.004)
(0.076 0.5333333333 0.004)
(0.08 0.5333333333 0.004)
(0.084 0.5333333333 0.004)
(0.088 0.5333333333 0.004)
(0.092 0.5333333333 0.004)
(0.096 0.5333333333 0.004)
(0.1 0.5333333333 0.004)
(0 0.5466666667 0.004)
(0.004 0.5466666667 0.004)
(0.008 0.5466666667 0.004)
(0.012 0.5466666667 0.004)
(0.016 0.5466666667 0.004)
(0.02 0.5466666667 0.004)
(0.024 0.5466666667 0.004)
(0.028 0.5466666667 0.004)
(0.032 0.5466666667 0.004)
(0.036 0.5466666667 0.004)
(0.04 0.5466666667 0.004)
(0.044 0.5466666667 0.004)
(0.048 0.5466666667 0.004)
(0.052 0.5466666667 0.004)
(0.056 0.5466666667 0.004)
(0.06 0.5466666667 0.004)
(0.064 0.5466666667 0.004)
(0.068 0.5466666667 0.004)
(0.072 0.5466666667 0.004)
(0.076 0.5466666667 0.004)
(0.08 0.5466666667 0.004)
(0.084 0.5466666667 0.004)
(0.088 0.5466666667 0.004)
(0.092 0.5466666667 0.004)
(0.096 0.5466666667 0.004)
(0.1 0.5466666667 0.004)
(0 0.56 0.004)
(0.004 0.56 0.004)
(0.008 0.56 0.004)
(0.012 0.56 0.004)
(0.016 0.56 0.004)
(0.02 0.56 0.004)
(0.024 0.56 0.004)
(0.028 0.56 0.004)
(0.032 0.56 0.004)
(0.036 0.56 0.004)
(0.04 0.56 0.004)
(0.044 0.56 0.004)
(0.048 0.56 0.004)
(0.052 0.56 0.004)
(0.056 0.56 0.004)
(0.06 0.56 0.004)
(0.064 0.56 0.004)
(0.068 0.56 0.004)
(0.072 0.56 0.004)
(0.076 0.56 0.004)
(0.08 0.56 0.004)
(0.084 0.56 0.004)
(0.088 0.56 0.004)
(0.092 0.56 0.004)
(0.096 0.56 0.004)
(0.1 0.56 0.004)
(0 0.5733333333 0.004)
(0.004 0.5733333333 0.004)
(0.008 0.5733333333 0.004)
(0.012 0.5733333333 0.004)
(0.016 0.5733333333 0.004)
(0.02 0.5733333333 0.004)
(0.024 0.5733333333 0.004)
(0.028 0.5733333333 0.004)
(0.032 0.5733333333 0.004)
(0.036 0.5733333333 0.004)
(0.04 0.5733333333 0.004)
(0.044 0.5733333333 0.004)
(0.048 0.5733333333 0.004)
(0.052 0.5733333333 0.004)
(0.056 0.5733333333 0.004)
(0.06 0.5733333333 0.004)
(0.064 0.5733333333 0.004)
(0.068 0.5733333333 0.004)
(0.072 0.5733333333 0.004)
(0.076 0.5733333333 0.004)
(0.08 0.5733333333 0.004)
(0.084 0.5733333333 0.004)
(0.088 0.5733333333 0.004)
(0.092 0.5733333333 0.004)
(0.096 0.5733333333 0.004)
(0.1 0.5733333333 0.004)
(0 0.5866666667 0.004)
(0.004 0.5866666667 0.004)
(0.008 0.5866666667 0.004)
(0.012 0.5866666667 0.004)
(0.016 0.5866666667 0.004)
(0.02 0.5866666667 0.004)
(0.024 0.5866666667 0.004)
(0.028 0.5866666667 0.004)
(0.032 0.5866666667 0.004)
(0.036 0.5866666667 0.004)
(0.04 0.5866666667 0.004)
(0.044 0.5866666667 0.004)
(0.048 0.5866666667 0.004)
(0.052 0.5866666667 0.004)
(0.056 0.5866666667 0.004)
(0.06 0.5866666667 0.004)
(0.064 0.5866666667 0.004)
(0.068 0.5866666667 0.004)
(0.072 0.5866666667 0.004)
(0.076 0.5866666667 0.004)
(0.08 0.5866666667 0.004)
(0.084 0.5866666667 0.004)
(0.088 0.5866666667 0.004)
(0.092 0.5866666667 0.004)
(0.096 0.5866666667 0.004)
(0.1 0.5866666667 0.004)
(0 0.6 0.004)
(0.004 0.6 0.004)
(0.008 0.6 0.004)
(0.012 0.6 0.004)
(0.016 0.6 0.004)
(0.02 0.6 0.004)
(0.024 0.6 0.004)
(0.028 0.6 0.004)
(0.032 0.6 0.004)
(0.036 0.6 0.004)
(0.04 0.6 0.004)
(0.044 0.6 0.004)
(0.048 0.6 0.004)
(0.052 0.6 0.004)
(0.056 0.6 0.004)
(0.06 0.6 0.004)
(0.064 0.6 0.004)
(0.068 0.6 0.004)
(0.072 0.6 0.004)
(0.076 0.6 0.004)
(0.08 0.6 0.004)
(0.084 0.6 0.004)
(0.088 0.6 0.004)
(0.092 0.6 0.004)
(0.096 0.6 0.004)
(0.1 0.6 0.004)
(0 0.6133333333 0.004)
(0.004 0.6133333333 0.004)
(0.008 0.6133333333 0.004)
(0.012 0.6133333333 0.004)
(0.016 0.6133333333 0.004)
(0.02 0.6133333333 0.004)
(0.024 0.6133333333 0.004)
(0.028 0.6133333333 0.004)
(0.032 0.6133333333 0.004)
(0.036 0.6133333333 0.004)
(0.04 0.6133333333 0.004)
(0.044 0.6133333333 0.004)
(0.048 0.6133333333 0.004)
(0.052 0.6133333333 0.004)
(0.056 0.6133333333 0.004)
(0.06 0.6133333333 0.004)
(0.064 0.6133333333 0.004)
(0.068 0.6133333333 0.004)
(0.072 0.6133333333 0.004)
(0.076 0.6133333333 0.004)
(0.08 0.6133333333 0.004)
(0.084 0.6133333333 0.004)
(0.088 0.6133333333 0.004)
(0.092 0.6133333333 0.004)
(0.096 0.6133333333 0.004)
(0.1 0.6133333333 0.004)
(0 0.6266666667 0.004)
(0.004 0.6266666667 0.004)
(0.008 0.6266666667 0.004)
(0.012 0.6266666667 0.004)
(0.016 0.6266666667 0.004)
(0.02 0.6266666667 0.004)
(0.024 0.6266666667 0.004)
(0.028 0.6266666667 0.004)
(0.032 0.6266666667 0.004)
(0.036 0.6266666667 0.004)
(0.04 0.6266666667 0.004)
(0.044 0.6266666667 0.004)
(0.048 0.6266666667 0.004)
(0.052 0.6266666667 0.004)
(0.056 0.6266666667 0.004)
(0.06 0.6266666667 0.004)
(0.064 0.6266666667 0.004)
(0.068 0.6266666667 0.004)
(0.072 0.6266666667 0.004)
(0.076 0.6266666667 0.004)
(0.08 0.6266666667 0.004)
(0.084 0.6266666667 0.004)
(0.088 0.6266666667 0.004)
(0.092 0.6266666667 0.004)
(0.096 0.6266666667 0.004)
(0.1 0.6266666667 0.004)
(0 0.64 0.004)
(0.004 0.64 0.004)
(0.008 0.64 0.004)
(0.012 0.64 0.004)
(0.016 0.64 0.004)
(0.02 0.64 0.004)
(0.024 0.64 0.004)
(0.028 0.64 0.004)
(0.032 0.64 0.004)
(0.036 0.64 0.004)
(0.04 0.64 0.004)
(0.044 0.64 0.004)
(0.048 0.64 0.004)
(0.052 0.64 0.004)
(0.056 0.64 0.004)
(0.06 0.64 0.004)
(0.064 0.64 0.004)
(0.068 0.64 0.004)
(0.072 0.64 0.004)
(0.076 0.64 0.004)
(0.08 0.64 0.004)
(0.084 0.64 0.004)
(0.088 0.64 0.004)
(0.092 0.64 0.004)
(0.096 0.64 0.004)
(0.1 0.64 0.004)
(0 0.6533333333 0.004)
(0.004 0.6533333333 0.004)
(0.008 0.6533333333 0.004)
(0.012 0.6533333333 0.004)
(0.016 0.6533333333 0.004)
(0.02 0.6533333333 0.004)
(0.024 0.6533333333 0.004)
(0.028 0.6533333333 0.004)
(0.032 0.6533333333 0.004)
(0.036 0.6533333333 0.004)
(0.04 0.6533333333 0.004)
(0.044 0.6533333333 0.004)
(0.048 0.6533333333 0.004)
(0.052 0.6533333333 0.004)
(0.056 0.6533333333 0.004)
(0.06 0.6533333333 0.004)
(0.064 0.6533333333 0.004)
(0.068 0.6533333333 0.004)
(0.072 0.6533333333 0.004)
(0.076 0.6533333333 0.004)
(0.08 0.6533333333 0.004)
(0.084 0.6533333333 0.004)
(0.088 0.6533333333 0.004)
(0.092 0.6533333333 0.004)
(0.096 0.6533333333 0.004)
(0.1 0.6533333333 0.004)
(0 0.6666666667 0.004)
(0.004 0.6666666667 0.004)
(0.008 0.6666666667 0.004)
(0.012 0.6666666667 0.004)
(0.016 0.6666666667 0.004)
(0.02 0.6666666667 0.004)
(0.024 0.6666666667 0.004)
(0.028 0.6666666667 0.004)
(0.032 0.6666666667 0.004)
(0.036 0.6666666667 0.004)
(0.04 0.6666666667 0.004)
(0.044 0.6666666667 0.004)
(0.048 0.6666666667 0.004)
(0.052 0.6666666667 0.004)
(0.056 0.6666666667 0.004)
(0.06 0.6666666667 0.004)
(0.064 0.6666666667 0.004)
(0.068 0.6666666667 0.004)
(0.072 0.6666666667 0.004)
(0.076 0.6666666667 0.004)
(0.08 0.6666666667 0.004)
(0.084 0.6666666667 0.004)
(0.088 0.6666666667 0.004)
(0.092 0.6666666667 0.004)
(0.096 0.6666666667 0.004)
(0.1 0.6666666667 0.004)
(0 0.68 0.004)
(0.004 0.68 0.004)
(0.008 0.68 0.004)
(0.012 0.68 0.004)
(0.016 0.68 0.004)
(0.02 0.68 0.004)
(0.024 0.68 0.004)
(0.028 0.68 0.004)
(0.032 0.68 0.004)
(0.036 0.68 0.004)
(0.04 0.68 0.004)
(0.044 0.68 0.004)
(0.048 0.68 0.004)
(0.052 0.68 0.004)
(0.056 0.68 0.004)
(0.06 0.68 0.004)
(0.064 0.68 0.004)
(0.068 0.68 0.004)
(0.072 0.68 0.004)
(0.076 0.68 0.004)
(0.08 0.68 0.004)
(0.084 0.68 0.004)
(0.088 0.68 0.004)
(0.092 0.68 0.004)
(0.096 0.68 0.004)
(0.1 0.68 0.004)
(0 0.6933333333 0.004)
(0.004 0.6933333333 0.004)
(0.008 0.6933333333 0.004)
(0.012 0.6933333333 0.004)
(0.016 0.6933333333 0.004)
(0.02 0.6933333333 0.004)
(0.024 0.6933333333 0.004)
(0.028 0.6933333333 0.004)
(0.032 0.6933333333 0.004)
(0.036 0.6933333333 0.004)
(0.04 0.6933333333 0.004)
(0.044 0.6933333333 0.004)
(0.048 0.6933333333 0.004)
(0.052 0.6933333333 0.004)
(0.056 0.6933333333 0.004)
(0.06 0.6933333333 0.004)
(0.064 0.6933333333 0.004)
(0.068 0.6933333333 0.004)
(0.072 0.6933333333 0.004)
(0.076 0.6933333333 0.004)
(0.08 0.6933333333 0.004)
(0.084 0.6933333333 0.004)
(0.088 0.6933333333 0.004)
(0.092 0.6933333333 0.004)
(0.096 0.6933333333 0.004)
(0.1 0.6933333333 0.004)
(0 0.7066666667 0.004)
(0.004 0.7066666667 0.004)
(0.008 0.7066666667 0.004)
(0.012 0.7066666667 0.004)
(0.016 0.7066666667 0.004)
(0.02 0.7066666667 0.004)
(0.024 0.7066666667 0.004)
(0.028 0.7066666667 0.004)
(0.032 0.7066666667 0.004)
(0.036 0.7066666667 0.004)
(0.04 0.7066666667 0.004)
(0.044 0.7066666667 0.004)
(0.048 0.7066666667 0.004)
(0.052 0.7066666667 0.004)
(0.056 0.7066666667 0.004)
(0.06 0.7066666667 0.004)
(0.064 0.7066666667 0.004)
(0.068 0.7066666667 0.004)
(0.072 0.7066666667 0.004)
(0.076 0.7066666667 0.004)
(0.08 0.7066666667 0.004)
(0.084 0.7066666667 0.004)
(0.088 0.7066666667 0.004)
(0.092 0.7066666667 0.004)
(0.096 0.7066666667 0.004)
(0.1 0.7066666667 0.004)
(0 0.72 0.004)
(0.004 0.72 0.004)
(0.008 0.72 0.004)
(0.012 0.72 0.004)
(0.016 0.72 0.004)
(0.02 0.72 0.004)
(0.024 0.72 0.004)
(0.028 0.72 0.004)
(0.032 0.72 0.004)
(0.036 0.72 0.004)
(0.04 0.72 0.004)
(0.044 0.72 0.004)
(0.048 0.72 0.004)
(0.052 0.72 0.004)
(0.056 0.72 0.004)
(0.06 0.72 0.004)
(0.064 0.72 0.004)
(0.068 0.72 0.004)
(0.072 0.72 0.004)
(0.076 0.72 0.004)
(0.08 0.72 0.004)
(0.084 0.72 0.004)
(0.088 0.72 0.004)
(0.092 0.72 0.004)
(0.096 0.72 0.004)
(0.1 0.72 0.004)
(0 0.7333333333 0.004)
(0.004 0.7333333333 0.004)
(0.008 0.7333333333 0.004)
(0.012 0.7333333333 0.004)
(0.016 0.7333333333 0.004)
(0.02 0.7333333333 0.004)
(0.024 0.7333333333 0.004)
(0.028 0.7333333333 0.004)
(0.032 0.7333333333 0.004)
(0.036 0.7333333333 0.004)
(0.04 0.7333333333 0.004)
(0.044 0.7333333333 0.004)
(0.048 0.7333333333 0.004)
(0.052 0.7333333333 0.004)
(0.056 0.7333333333 0.004)
(0.06 0.7333333333 0.004)
(0.064 0.7333333333 0.004)
(0.068 0.7333333333 0.004)
(0.072 0.7333333333 0.004)
(0.076 0.7333333333 0.004)
(0.08 0.7333333333 0.004)
(0.084 0.7333333333 0.004)
(0.088 0.7333333333 0.004)
(0.092 0.7333333333 0.004)
(0.096 0.7333333333 0.004)
(0.1 0.7333333333 0.004)
(0 0.7466666667 0.004)
(0.004 0.7466666667 0.004)
(0.008 0.7466666667 0.004)
(0.012 0.7466666667 0.004)
(0.016 0.7466666667 0.004)
(0.02 0.7466666667 0.004)
(0.024 0.7466666667 0.004)
(0.028 0.7466666667 0.004)
(0.032 0.7466666667 0.004)
(0.036 0.7466666667 0.004)
(0.04 0.7466666667 0.004)
(0.044 0.7466666667 0.004)
(0.048 0.7466666667 0.004)
(0.052 0.7466666667 0.004)
(0.056 0.7466666667 0.004)
(0.06 0.7466666667 0.004)
(0.064 0.7466666667 0.004)
(0.068 0.7466666667 0.004)
(0.072 0.7466666667 0.004)
(0.076 0.7466666667 0.004)
(0.08 0.7466666667 0.004)
(0.084 0.7466666667 0.004)
(0.088 0.7466666667 0.004)
(0.092 0.7466666667 0.004)
(0.096 0.7466666667 0.004)
(0.1 0.7466666667 0.004)
(0 0.76 0.004)
(0.004 0.76 0.004)
(0.008 0.76 0.004)
(0.012 0.76 0.004)
(0.016 0.76 0.004)
(0.02 0.76 0.004)
(0.024 0.76 0.004)
(0.028 0.76 0.004)
(0.032 0.76 0.004)
(0.036 0.76 0.004)
(0.04 0.76 0.004)
(0.044 0.76 0.004)
(0.048 0.76 0.004)
(0.052 0.76 0.004)
(0.056 0.76 0.004)
(0.06 0.76 0.004)
(0.064 0.76 0.004)
(0.068 0.76 0.004)
(0.072 0.76 0.004)
(0.076 0.76 0.004)
(0.08 0.76 0.004)
(0.084 0.76 0.004)
(0.088 0.76 0.004)
(0.092 0.76 0.004)
(0.096 0.76 0.004)
(0.1 0.76 0.004)
(0 0.7733333333 0.004)
(0.004 0.7733333333 0.004)
(0.008 0.7733333333 0.004)
(0.012 0.7733333333 0.004)
(0.016 0.7733333333 0.004)
(0.02 0.7733333333 0.004)
(0.024 0.7733333333 0.004)
(0.028 0.7733333333 0.004)
(0.032 0.7733333333 0.004)
(0.036 0.7733333333 0.004)
(0.04 0.7733333333 0.004)
(0.044 0.7733333333 0.004)
(0.048 0.7733333333 0.004)
(0.052 0.7733333333 0.004)
(0.056 0.7733333333 0.004)
(0.06 0.7733333333 0.004)
(0.064 0.7733333333 0.004)
(0.068 0.7733333333 0.004)
(0.072 0.7733333333 0.004)
(0.076 0.7733333333 0.004)
(0.08 0.7733333333 0.004)
(0.084 0.7733333333 0.004)
(0.088 0.7733333333 0.004)
(0.092 0.7733333333 0.004)
(0.096 0.7733333333 0.004)
(0.1 0.7733333333 0.004)
(0 0.7866666667 0.004)
(0.004 0.7866666667 0.004)
(0.008 0.7866666667 0.004)
(0.012 0.7866666667 0.004)
(0.016 0.7866666667 0.004)
(0.02 0.7866666667 0.004)
(0.024 0.7866666667 0.004)
(0.028 0.7866666667 0.004)
(0.032 0.7866666667 0.004)
(0.036 0.7866666667 0.004)
(0.04 0.7866666667 0.004)
(0.044 0.7866666667 0.004)
(0.048 0.7866666667 0.004)
(0.052 0.7866666667 0.004)
(0.056 0.7866666667 0.004)
(0.06 0.7866666667 0.004)
(0.064 0.7866666667 0.004)
(0.068 0.7866666667 0.004)
(0.072 0.7866666667 0.004)
(0.076 0.7866666667 0.004)
(0.08 0.7866666667 0.004)
(0.084 0.7866666667 0.004)
(0.088 0.7866666667 0.004)
(0.092 0.7866666667 0.004)
(0.096 0.7866666667 0.004)
(0.1 0.7866666667 0.004)
(0 0.8 0.004)
(0.004 0.8 0.004)
(0.008 0.8 0.004)
(0.012 0.8 0.004)
(0.016 0.8 0.004)
(0.02 0.8 0.004)
(0.024 0.8 0.004)
(0.028 0.8 0.004)
(0.032 0.8 0.004)
(0.036 0.8 0.004)
(0.04 0.8 0.004)
(0.044 0.8 0.004)
(0.048 0.8 0.004)
(0.052 0.8 0.004)
(0.056 0.8 0.004)
(0.06 0.8 0.004)
(0.064 0.8 0.004)
(0.068 0.8 0.004)
(0.072 0.8 0.004)
(0.076 0.8 0.004)
(0.08 0.8 0.004)
(0.084 0.8 0.004)
(0.088 0.8 0.004)
(0.092 0.8 0.004)
(0.096 0.8 0.004)
(0.1 0.8 0.004)
(0 0.8133333333 0.004)
(0.004 0.8133333333 0.004)
(0.008 0.8133333333 0.004)
(0.012 0.8133333333 0.004)
(0.016 0.8133333333 0.004)
(0.02 0.8133333333 0.004)
(0.024 0.8133333333 0.004)
(0.028 0.8133333333 0.004)
(0.032 0.8133333333 0.004)
(0.036 0.8133333333 0.004)
(0.04 0.8133333333 0.004)
(0.044 0.8133333333 0.004)
(0.048 0.8133333333 0.004)
(0.052 0.8133333333 0.004)
(0.056 0.8133333333 0.004)
(0.06 0.8133333333 0.004)
(0.064 0.8133333333 0.004)
(0.068 0.8133333333 0.004)
(0.072 0.8133333333 0.004)
(0.076 0.8133333333 0.004)
(0.08 0.8133333333 0.004)
(0.084 0.8133333333 0.004)
(0.088 0.8133333333 0.004)
(0.092 0.8133333333 0.004)
(0.096 0.8133333333 0.004)
(0.1 0.8133333333 0.004)
(0 0.8266666667 0.004)
(0.004 0.8266666667 0.004)
(0.008 0.8266666667 0.004)
(0.012 0.8266666667 0.004)
(0.016 0.8266666667 0.004)
(0.02 0.8266666667 0.004)
(0.024 0.8266666667 0.004)
(0.028 0.8266666667 0.004)
(0.032 0.8266666667 0.004)
(0.036 0.8266666667 0.004)
(0.04 0.8266666667 0.004)
(0.044 0.8266666667 0.004)
(0.048 0.8266666667 0.004)
(0.052 0.8266666667 0.004)
(0.056 0.8266666667 0.004)
(0.06 0.8266666667 0.004)
(0.064 0.8266666667 0.004)
(0.068 0.8266666667 0.004)
(0.072 0.8266666667 0.004)
(0.076 0.8266666667 0.004)
(0.08 0.8266666667 0.004)
(0.084 0.8266666667 0.004)
(0.088 0.8266666667 0.004)
(0.092 0.8266666667 0.004)
(0.096 0.8266666667 0.004)
(0.1 0.8266666667 0.004)
(0 0.84 0.004)
(0.004 0.84 0.004)
(0.008 0.84 0.004)
(0.012 0.84 0.004)
(0.016 0.84 0.004)
(0.02 0.84 0.004)
(0.024 0.84 0.004)
(0.028 0.84 0.004)
(0.032 0.84 0.004)
(0.036 0.84 0.004)
(0.04 0.84 0.004)
(0.044 0.84 0.004)
(0.048 0.84 0.004)
(0.052 0.84 0.004)
(0.056 0.84 0.004)
(0.06 0.84 0.004)
(0.064 0.84 0.004)
(0.068 0.84 0.004)
(0.072 0.84 0.004)
(0.076 0.84 0.004)
(0.08 0.84 0.004)
(0.084 0.84 0.004)
(0.088 0.84 0.004)
(0.092 0.84 0.004)
(0.096 0.84 0.004)
(0.1 0.84 0.004)
(0 0.8533333333 0.004)
(0.004 0.8533333333 0.004)
(0.008 0.8533333333 0.004)
(0.012 0.8533333333 0.004)
(0.016 0.8533333333 0.004)
(0.02 0.8533333333 0.004)
(0.024 0.8533333333 0.004)
(0.028 0.8533333333 0.004)
(0.032 0.8533333333 0.004)
(0.036 0.8533333333 0.004)
(0.04 0.8533333333 0.004)
(0.044 0.8533333333 0.004)
(0.048 0.8533333333 0.004)
(0.052 0.8533333333 0.004)
(0.056 0.8533333333 0.004)
(0.06 0.8533333333 0.004)
(0.064 0.8533333333 0.004)
(0.068 0.8533333333 0.004)
(0.072 0.8533333333 0.004)
(0.076 0.8533333333 0.004)
(0.08 0.8533333333 0.004)
(0.084 0.8533333333 0.004)
(0.088 0.8533333333 0.004)
(0.092 0.8533333333 0.004)
(0.096 0.8533333333 0.004)
(0.1 0.8533333333 0.004)
(0 0.8666666667 0.004)
(0.004 0.8666666667 0.004)
(0.008 0.8666666667 0.004)
(0.012 0.8666666667 0.004)
(0.016 0.8666666667 0.004)
(0.02 0.8666666667 0.004)
(0.024 0.8666666667 0.004)
(0.028 0.8666666667 0.004)
(0.032 0.8666666667 0.004)
(0.036 0.8666666667 0.004)
(0.04 0.8666666667 0.004)
(0.044 0.8666666667 0.004)
(0.048 0.8666666667 0.004)
(0.052 0.8666666667 0.004)
(0.056 0.8666666667 0.004)
(0.06 0.8666666667 0.004)
(0.064 0.8666666667 0.004)
(0.068 0.8666666667 0.004)
(0.072 0.8666666667 0.004)
(0.076 0.8666666667 0.004)
(0.08 0.8666666667 0.004)
(0.084 0.8666666667 0.004)
(0.088 0.8666666667 0.004)
(0.092 0.8666666667 0.004)
(0.096 0.8666666667 0.004)
(0.1 0.8666666667 0.004)
(0 0.88 0.004)
(0.004 0.88 0.004)
(0.008 0.88 0.004)
(0.012 0.88 0.004)
(0.016 0.88 0.004)
(0.02 0.88 0.004)
(0.024 0.88 0.004)
(0.028 0.88 0.004)
(0.032 0.88 0.004)
(0.036 0.88 0.004)
(0.04 0.88 0.004)
(0.044 0.88 0.004)
(0.048 0.88 0.004)
(0.052 0.88 0.004)
(0.056 0.88 0.004)
(0.06 0.88 0.004)
(0.064 0.88 0.004)
(0.068 0.88 0.004)
(0.072 0.88 0.004)
(0.076 0.88 0.004)
(0.08 0.88 0.004)
(0.084 0.88 0.004)
(0.088 0.88 0.004)
(0.092 0.88 0.004)
(0.096 0.88 0.004)
(0.1 0.88 0.004)
(0 0.8933333333 0.004)
(0.004 0.8933333333 0.004)
(0.008 0.8933333333 0.004)
(0.012 0.8933333333 0.004)
(0.016 0.8933333333 0.004)
(0.02 0.8933333333 0.004)
(0.024 0.8933333333 0.004)
(0.028 0.8933333333 0.004)
(0.032 0.8933333333 0.004)
(0.036 0.8933333333 0.004)
(0.04 0.8933333333 0.004)
(0.044 0.8933333333 0.004)
(0.048 0.8933333333 0.004)
(0.052 0.8933333333 0.004)
(0.056 0.8933333333 0.004)
(0.06 0.8933333333 0.004)
(0.064 0.8933333333 0.004)
(0.068 0.8933333333 0.004)
(0.072 0.8933333333 0.004)
(0.076 0.8933333333 0.004)
(0.08 0.8933333333 0.004)
(0.084 0.8933333333 0.004)
(0.088 0.8933333333 0.004)
(0.092 0.8933333333 0.004)
(0.096 0.8933333333 0.004)
(0.1 0.8933333333 0.004)
(0 0.9066666667 0.004)
(0.004 0.9066666667 0.004)
(0.008 0.9066666667 0.004)
(0.012 0.9066666667 0.004)
(0.016 0.9066666667 0.004)
(0.02 0.9066666667 0.004)
(0.024 0.9066666667 0.004)
(0.028 0.9066666667 0.004)
(0.032 0.9066666667 0.004)
(0.036 0.9066666667 0.004)
(0.04 0.9066666667 0.004)
(0.044 0.9066666667 0.004)
(0.048 0.9066666667 0.004)
(0.052 0.9066666667 0.004)
(0.056 0.9066666667 0.004)
(0.06 0.9066666667 0.004)
(0.064 0.9066666667 0.004)
(0.068 0.9066666667 0.004)
(0.072 0.9066666667 0.004)
(0.076 0.9066666667 0.004)
(0.08 0.9066666667 0.004)
(0.084 0.9066666667 0.004)
(0.088 0.9066666667 0.004)
(0.092 0.9066666667 0.004)
(0.096 0.9066666667 0.004)
(0.1 0.9066666667 0.004)
(0 0.92 0.004)
(0.004 0.92 0.004)
(0.008 0.92 0.004)
(0.012 0.92 0.004)
(0.016 0.92 0.004)
(0.02 0.92 0.004)
(0.024 0.92 0.004)
(0.028 0.92 0.004)
(0.032 0.92 0.004)
(0.036 0.92 0.004)
(0.04 0.92 0.004)
(0.044 0.92 0.004)
(0.048 0.92 0.004)
(0.052 0.92 0.004)
(0.056 0.92 0.004)
(0.06 0.92 0.004)
(0.064 0.92 0.004)
(0.068 0.92 0.004)
(0.072 0.92 0.004)
(0.076 0.92 0.004)
(0.08 0.92 0.004)
(0.084 0.92 0.004)
(0.088 0.92 0.004)
(0.092 0.92 0.004)
(0.096 0.92 0.004)
(0.1 0.92 0.004)
(0 0.9333333333 0.004)
(0.004 0.9333333333 0.004)
(0.008 0.9333333333 0.004)
(0.012 0.9333333333 0.004)
(0.016 0.9333333333 0.004)
(0.02 0.9333333333 0.004)
(0.024 0.9333333333 0.004)
(0.028 0.9333333333 0.004)
(0.032 0.9333333333 0.004)
(0.036 0.9333333333 0.004)
(0.04 0.9333333333 0.004)
(0.044 0.9333333333 0.004)
(0.048 0.9333333333 0.004)
(0.052 0.9333333333 0.004)
(0.056 0.9333333333 0.004)
(0.06 0.9333333333 0.004)
(0.064 0.9333333333 0.004)
(0.068 0.9333333333 0.004)
(0.072 0.9333333333 0.004)
(0.076 0.9333333333 0.004)
(0.08 0.9333333333 0.004)
(0.084 0.9333333333 0.004)
(0.088 0.9333333333 0.004)
(0.092 0.9333333333 0.004)
(0.096 0.9333333333 0.004)
(0.1 0.9333333333 0.004)
(0 0.9466666667 0.004)
(0.004 0.9466666667 0.004)
(0.008 0.9466666667 0.004)
(0.012 0.9466666667 0.004)
(0.016 0.9466666667 0.004)
(0.02 0.9466666667 0.004)
(0.024 0.9466666667 0.004)
(0.028 0.9466666667 0.004)
(0.032 0.9466666667 0.004)
(0.036 0.9466666667 0.004)
(0.04 0.9466666667 0.004)
(0.044 0.9466666667 0.004)
(0.048 0.9466666667 0.004)
(0.052 0.9466666667 0.004)
(0.056 0.9466666667 0.004)
(0.06 0.9466666667 0.004)
(0.064 0.9466666667 0.004)
(0.068 0.9466666667 0.004)
(0.072 0.9466666667 0.004)
(0.076 0.9466666667 0.004)
(0.08 0.9466666667 0.004)
(0.084 0.9466666667 0.004)
(0.088 0.9466666667 0.004)
(0.092 0.9466666667 0.004)
(0.096 0.9466666667 0.004)
(0.1 0.9466666667 0.004)
(0 0.96 0.004)
(0.004 0.96 0.004)
(0.008 0.96 0.004)
(0.012 0.96 0.004)
(0.016 0.96 0.004)
(0.02 0.96 0.004)
(0.024 0.96 0.004)
(0.028 0.96 0.004)
(0.032 0.96 0.004)
(0.036 0.96 0.004)
(0.04 0.96 0.004)
(0.044 0.96 0.004)
(0.048 0.96 0.004)
(0.052 0.96 0.004)
(0.056 0.96 0.004)
(0.06 0.96 0.004)
(0.064 0.96 0.004)
(0.068 0.96 0.004)
(0.072 0.96 0.004)
(0.076 0.96 0.004)
(0.08 0.96 0.004)
(0.084 0.96 0.004)
(0.088 0.96 0.004)
(0.092 0.96 0.004)
(0.096 0.96 0.004)
(0.1 0.96 0.004)
(0 0.9733333333 0.004)
(0.004 0.9733333333 0.004)
(0.008 0.9733333333 0.004)
(0.012 0.9733333333 0.004)
(0.016 0.9733333333 0.004)
(0.02 0.9733333333 0.004)
(0.024 0.9733333333 0.004)
(0.028 0.9733333333 0.004)
(0.032 0.9733333333 0.004)
(0.036 0.9733333333 0.004)
(0.04 0.9733333333 0.004)
(0.044 0.9733333333 0.004)
(0.048 0.9733333333 0.004)
(0.052 0.9733333333 0.004)
(0.056 0.9733333333 0.004)
(0.06 0.9733333333 0.004)
(0.064 0.9733333333 0.004)
(0.068 0.9733333333 0.004)
(0.072 0.9733333333 0.004)
(0.076 0.9733333333 0.004)
(0.08 0.9733333333 0.004)
(0.084 0.9733333333 0.004)
(0.088 0.9733333333 0.004)
(0.092 0.9733333333 0.004)
(0.096 0.9733333333 0.004)
(0.1 0.9733333333 0.004)
(0 0.9866666667 0.004)
(0.004 0.9866666667 0.004)
(0.008 0.9866666667 0.004)
(0.012 0.9866666667 0.004)
(0.016 0.9866666667 0.004)
(0.02 0.9866666667 0.004)
(0.024 0.9866666667 0.004)
(0.028 0.9866666667 0.004)
(0.032 0.9866666667 0.004)
(0.036 0.9866666667 0.004)
(0.04 0.9866666667 0.004)
(0.044 0.9866666667 0.004)
(0.048 0.9866666667 0.004)
(0.052 0.9866666667 0.004)
(0.056 0.9866666667 0.004)
(0.06 0.9866666667 0.004)
(0.064 0.9866666667 0.004)
(0.068 0.9866666667 0.004)
(0.072 0.9866666667 0.004)
(0.076 0.9866666667 0.004)
(0.08 0.9866666667 0.004)
(0.084 0.9866666667 0.004)
(0.088 0.9866666667 0.004)
(0.092 0.9866666667 0.004)
(0.096 0.9866666667 0.004)
(0.1 0.9866666667 0.004)
(0 1 0.004)
(0.004 1 0.004)
(0.008 1 0.004)
(0.012 1 0.004)
(0.016 1 0.004)
(0.02 1 0.004)
(0.024 1 0.004)
(0.028 1 0.004)
(0.032 1 0.004)
(0.036 1 0.004)
(0.04 1 0.004)
(0.044 1 0.004)
(0.048 1 0.004)
(0.052 1 0.004)
(0.056 1 0.004)
(0.06 1 0.004)
(0.064 1 0.004)
(0.068 1 0.004)
(0.072 1 0.004)
(0.076 1 0.004)
(0.08 1 0.004)
(0.084 1 0.004)
(0.088 1 0.004)
(0.092 1 0.004)
(0.096 1 0.004)
(0.1 1 0.004)
)


// ************************************************************************* //
