/*--------------------------------*- C++ -*----------------------------------*\
  =========                 |
  \\      /  F ield         | OpenFOAM: The Open Source CFD Toolbox
   \\    /   O peration     | Website:  https://openfoam.org
    \\  /    A nd           | Version:  dev
     \\/     M anipulation  |
\*---------------------------------------------------------------------------*/
FoamFile
{
    version     2.0;
    format      ascii;
    class       vectorFieldField;
    location    "1/lagrangian/kinematicCloud";
    object      collisionRecordsWallPRel;
}
// * * * * * * * * * * * * * * * * * * * * * * * * * * * * * * * * * * * * * //


500
(
1((4.33681e-19 -0.000499939 -0))
0()
0()
0()
0()
1((-0 -0.000499808 -8.67362e-19))
0()
0()
0()
0()
0()
0()
0()
0()
0()
0()
0()
0()
0()
0()
0()
0()
0()
0()
0()
0()
0()
0()
0()
0()
0()
0()
0()
0()
0()
0()
0()
0()
0()
0()
0()
0()
0()
0()
0()
0()
0()
0()
0()
0()
1((-0 -0.000499607 -0))
0()
0()
1((-0 -0.000499938 -8.67362e-19))
0()
0()
0()
0()
0()
0()
1((-0 -0.000499413 -8.67362e-19))
0()
0()
0()
0()
0()
0()
0()
0()
0()
0()
0()
0()
0()
0()
0()
0()
0()
0()
0()
0()
0()
0()
0()
0()
0()
0()
0()
0()
0()
0()
0()
0()
0()
0()
0()
0()
0()
0()
0()
0()
0()
1((-0 -0.000499965 -0))
0()
0()
0()
0()
0()
0()
0()
0()
0()
0()
0()
0()
0()
0()
0()
0()
0()
0()
0()
0()
0()
0()
0()
0()
0()
0()
0()
0()
0()
0()
0()
0()
0()
0()
0()
0()
0()
0()
0()
0()
0()
0()
0()
0()
0()
0()
0()
0()
0()
0()
0()
1((-0 -0.000499979 -0))
1((-0 -0.000499944 -0))
1((-0 -0.000499948 8.67362e-19))
0()
0()
0()
0()
0()
0()
0()
0()
0()
0()
0()
0()
0()
0()
0()
0()
0()
0()
0()
0()
0()
0()
0()
0()
0()
0()
0()
0()
0()
0()
0()
0()
0()
0()
0()
0()
0()
0()
0()
0()
0()
0()
0()
1((-0 -0.000499881 -0))
0()
0()
0()
1((-0 -0.000499924 -8.67362e-19))
0()
0()
1((-0 -0.000499977 -0))
0()
0()
0()
0()
0()
0()
0()
0()
0()
0()
0()
0()
0()
0()
0()
0()
0()
0()
0()
0()
0()
0()
0()
0()
0()
0()
0()
0()
0()
0()
0()
0()
0()
0()
0()
0()
0()
0()
0()
0()
0()
0()
0()
1((-0 -0.000499415 8.67362e-19))
0()
1((-0 -0.000499881 -0))
0()
0()
0()
0()
0()
1((-0 -0.000499957 -8.67362e-19))
0()
0()
0()
0()
0()
0()
0()
0()
0()
0()
0()
0()
0()
0()
0()
0()
0()
0()
0()
0()
0()
0()
0()
0()
0()
0()
0()
0()
0()
0()
0()
0()
0()
0()
0()
0()
0()
0()
0()
0()
1((-0 -0.000499844 -0))
0()
1((-0 -0.000499973 -0))
0()
1((-0 -0.000499999 -0))
0()
1((-0 -0.000499059 -8.67362e-19))
1((-0 -0.000499845 8.67362e-19))
0()
0()
0()
0()
0()
0()
0()
0()
0()
0()
0()
0()
0()
0()
0()
0()
0()
0()
0()
0()
0()
0()
0()
0()
0()
0()
0()
0()
0()
0()
0()
0()
0()
0()
0()
0()
0()
0()
0()
0()
0()
0()
0()
0()
1((-0 -0.000499964 1.73472e-18))
1((-0 -0.000499622 -0))
0()
0()
0()
0()
0()
0()
0()
0()
0()
0()
0()
0()
0()
0()
0()
0()
0()
0()
0()
0()
0()
0()
0()
0()
0()
0()
0()
0()
0()
0()
0()
0()
0()
0()
0()
0()
0()
0()
0()
0()
0()
0()
0()
0()
0()
0()
0()
0()
0()
0()
1((-0 -0.000499561 -0))
0()
0()
0()
0()
0()
0()
0()
0()
0()
0()
0()
0()
0()
0()
0()
0()
0()
0()
0()
0()
0()
0()
0()
0()
0()
0()
0()
0()
0()
0()
0()
0()
0()
0()
0()
0()
0()
0()
0()
0()
0()
0()
0()
0()
0()
0()
1((-0 -0.000499941 -0))
1((-0 -0.000499909 8.67362e-19))
1((-0 -0.000499967 -0))
0()
1((-0 -0.00049991 -8.67362e-19))
0()
0()
0()
0()
0()
1((-0 -0.000499871 -0))
0()
0()
0()
0()
0()
0()
0()
0()
0()
0()
0()
0()
0()
0()
0()
0()
0()
0()
0()
0()
0()
0()
0()
0()
0()
0()
0()
0()
0()
0()
0()
0()
0()
0()
0()
0()
0()
0()
)


// ************************************************************************* //
