/*--------------------------------*- C++ -*----------------------------------*\
  =========                 |
  \\      /  F ield         | OpenFOAM: The Open Source CFD Toolbox
   \\    /   O peration     | Website:  https://openfoam.org
    \\  /    A nd           | Version:  dev
     \\/     M anipulation  |
\*---------------------------------------------------------------------------*/
FoamFile
{
    version     2.0;
    format      ascii;
    class       vectorFieldField;
    location    "1/lagrangian/kinematicCloud";
    object      collisionRecordsPairData;
}
// * * * * * * * * * * * * * * * * * * * * * * * * * * * * * * * * * * * * * //


500
(
0()
0()
0()
0()
0()
0()
0()
0()
0()
0()
0()
0()
0()
0()
0()
0()
0()
0()
0()
0()
0()
0()
0()
0()
0()
0()
0()
0()
0()
0()
0()
0()
0()
0()
0()
0()
0()
0()
0()
0()
0()
0()
0()
0()
0()
0()
0()
0()
0()
0()
0()
0()
0()
0()
0()
0()
0()
0()
0()
0()
0()
0()
0()
0()
0()
0()
0()
0()
0()
0()
0()
0()
0()
0()
0()
0()
0()
0()
0()
0()
0()
0()
0()
0()
0()
0()
0()
0()
0()
0()
0()
0()
0()
0()
0()
0()
0()
0()
0()
0()
0()
0()
1((-1.85251e-12 1.19969e-08 -4.03826e-23))
0()
0()
0()
0()
0()
0()
0()
0()
0()
0()
0()
0()
0()
0()
0()
0()
0()
0()
0()
0()
0()
0()
0()
0()
0()
0()
0()
0()
0()
0()
0()
0()
0()
0()
0()
0()
0()
0()
0()
0()
0()
0()
0()
0()
0()
0()
0()
0()
1((1.85251e-12 -1.19969e-08 4.03826e-23))
0()
0()
0()
0()
0()
0()
0()
0()
0()
0()
0()
0()
0()
0()
0()
0()
0()
0()
0()
0()
0()
0()
0()
0()
0()
0()
0()
0()
0()
0()
0()
0()
0()
0()
0()
0()
0()
0()
0()
0()
0()
0()
0()
0()
0()
0()
0()
0()
0()
0()
0()
0()
0()
0()
0()
0()
0()
0()
0()
0()
0()
0()
0()
0()
0()
0()
0()
0()
0()
0()
0()
0()
0()
0()
0()
0()
0()
0()
0()
0()
0()
0()
0()
0()
0()
0()
0()
0()
0()
0()
0()
0()
0()
0()
0()
0()
0()
0()
0()
0()
0()
0()
0()
0()
0()
0()
0()
0()
1((-2.17495e-10 -2.69676e-08 3.19702e-22))
0()
1((2.17495e-10 2.69676e-08 -3.19702e-22))
0()
0()
0()
0()
0()
0()
0()
0()
0()
0()
0()
0()
0()
0()
0()
0()
0()
0()
0()
0()
0()
0()
0()
0()
0()
0()
0()
0()
0()
0()
0()
0()
0()
0()
0()
0()
0()
0()
0()
0()
0()
0()
0()
0()
0()
0()
0()
0()
0()
0()
0()
0()
0()
0()
0()
0()
0()
0()
0()
0()
0()
0()
0()
0()
0()
0()
0()
0()
0()
0()
0()
0()
0()
0()
0()
0()
0()
0()
0()
0()
0()
0()
0()
0()
0()
0()
0()
0()
0()
0()
0()
0()
0()
0()
0()
0()
0()
0()
0()
0()
0()
0()
0()
0()
0()
0()
0()
0()
0()
0()
0()
0()
0()
0()
0()
0()
0()
0()
0()
0()
0()
0()
0()
0()
0()
0()
0()
0()
0()
0()
0()
0()
0()
0()
0()
0()
0()
0()
0()
0()
0()
0()
0()
0()
0()
0()
0()
0()
0()
0()
0()
0()
0()
0()
0()
0()
0()
0()
0()
0()
0()
0()
0()
0()
0()
0()
0()
0()
0()
0()
0()
0()
0()
0()
0()
0()
0()
0()
0()
0()
0()
0()
0()
0()
0()
0()
0()
0()
0()
0()
0()
0()
0()
0()
0()
0()
0()
0()
0()
0()
0()
0()
0()
0()
0()
0()
0()
0()
0()
0()
0()
0()
0()
0()
0()
0()
0()
0()
0()
0()
0()
0()
0()
0()
0()
0()
0()
0()
0()
0()
0()
0()
0()
0()
0()
0()
0()
)


// ************************************************************************* //
