/*--------------------------------*- C++ -*----------------------------------*\
  =========                 |
  \\      /  F ield         | OpenFOAM: The Open Source CFD Toolbox
   \\    /   O peration     | Website:  https://openfoam.org
    \\  /    A nd           | Version:  dev
     \\/     M anipulation  |
\*---------------------------------------------------------------------------*/
FoamFile
{
    version     2.0;
    format      ascii;
    class       vectorFieldField;
    location    "1/lagrangian/kinematicCloud";
    object      collisionRecordsWallData;
}
// * * * * * * * * * * * * * * * * * * * * * * * * * * * * * * * * * * * * * //


500
(
1((2.0068e-10 -1.87506e-24 3.52042e-24))
0()
0()
0()
0()
1((1.40992e-08 3.97233e-39 1.04263e-23))
0()
0()
0()
0()
0()
0()
0()
0()
0()
0()
0()
0()
0()
0()
0()
0()
0()
0()
0()
0()
0()
0()
0()
0()
0()
0()
0()
0()
0()
0()
0()
0()
0()
0()
0()
0()
0()
0()
0()
0()
0()
0()
0()
0()
1((0 0 0))
0()
0()
1((0 0 0))
0()
0()
0()
0()
0()
0()
1((0 0 0))
0()
0()
0()
0()
0()
0()
0()
0()
0()
0()
0()
0()
0()
0()
0()
0()
0()
0()
0()
0()
0()
0()
0()
0()
0()
0()
0()
0()
0()
0()
0()
0()
0()
0()
0()
0()
0()
0()
0()
0()
0()
1((1.79176e-09 1.49596e-39 5.46632e-24))
0()
0()
0()
0()
0()
0()
0()
0()
0()
0()
0()
0()
0()
0()
0()
0()
0()
0()
0()
0()
0()
0()
0()
0()
0()
0()
0()
0()
0()
0()
0()
0()
0()
0()
0()
0()
0()
0()
0()
0()
0()
0()
0()
0()
0()
0()
0()
0()
0()
0()
0()
1((0 0 0))
1((0 0 0))
1((-5.56659e-10 -5.37004e-38 3.80182e-23))
0()
0()
0()
0()
0()
0()
0()
0()
0()
0()
0()
0()
0()
0()
0()
0()
0()
0()
0()
0()
0()
0()
0()
0()
0()
0()
0()
0()
0()
0()
0()
0()
0()
0()
0()
0()
0()
0()
0()
0()
0()
0()
0()
1((0 0 0))
0()
0()
0()
1((0 0 0))
0()
0()
1((0 0 0))
0()
0()
0()
0()
0()
0()
0()
0()
0()
0()
0()
0()
0()
0()
0()
0()
0()
0()
0()
0()
0()
0()
0()
0()
0()
0()
0()
0()
0()
0()
0()
0()
0()
0()
0()
0()
0()
0()
0()
0()
0()
0()
0()
1((-2.17497e-08 -1.68051e-38 -4.70102e-23))
0()
1((0 0 0))
0()
0()
0()
0()
0()
1((1.64784e-13 -3.93676e-37 4.24555e-22))
0()
0()
0()
0()
0()
0()
0()
0()
0()
0()
0()
0()
0()
0()
0()
0()
0()
0()
0()
0()
0()
0()
0()
0()
0()
0()
0()
0()
0()
0()
0()
0()
0()
0()
0()
0()
0()
0()
0()
0()
1((9.18488e-09 -5.65589e-39 -6.99561e-23))
0()
1((0 0 0))
0()
1((-8.84449e-12 0 -7.19438e-24))
0()
1((-5.66035e-08 -1.1505e-37 4.01583e-22))
1((0 0 0))
0()
0()
0()
0()
0()
0()
0()
0()
0()
0()
0()
0()
0()
0()
0()
0()
0()
0()
0()
0()
0()
0()
0()
0()
0()
0()
0()
0()
0()
0()
0()
0()
0()
0()
0()
0()
0()
0()
0()
0()
0()
0()
0()
0()
1((0 0 0))
1((1.41175e-08 8.03356e-38 1.00078e-22))
0()
0()
0()
0()
0()
0()
0()
0()
0()
0()
0()
0()
0()
0()
0()
0()
0()
0()
0()
0()
0()
0()
0()
0()
0()
0()
0()
0()
0()
0()
0()
0()
0()
0()
0()
0()
0()
0()
0()
0()
0()
0()
0()
0()
0()
0()
0()
0()
0()
0()
1((0 0 0))
0()
0()
0()
0()
0()
0()
0()
0()
0()
0()
0()
0()
0()
0()
0()
0()
0()
0()
0()
0()
0()
0()
0()
0()
0()
0()
0()
0()
0()
0()
0()
0()
0()
0()
0()
0()
0()
0()
0()
0()
0()
0()
0()
0()
0()
0()
1((-1.33036e-10 2.48298e-37 2.17401e-24))
1((-5.80372e-11 -4.77187e-37 -2.57028e-23))
1((-4.87011e-10 4.066e-38 -8.68905e-23))
0()
1((0 0 0))
0()
0()
0()
0()
0()
1((1.06494e-08 0 4.52089e-23))
0()
0()
0()
0()
0()
0()
0()
0()
0()
0()
0()
0()
0()
0()
0()
0()
0()
0()
0()
0()
0()
0()
0()
0()
0()
0()
0()
0()
0()
0()
0()
0()
0()
0()
0()
0()
0()
0()
)


// ************************************************************************* //
