/*--------------------------------*- C++ -*----------------------------------*\
  =========                 |
  \\      /  F ield         | OpenFOAM: The Open Source CFD Toolbox
   \\    /   O peration     | Website:  https://openfoam.org
    \\  /    A nd           | Version:  dev
     \\/     M anipulation  |
\*---------------------------------------------------------------------------*/
FoamFile
{
    version     2.0;
    format      ascii;
    class       labelFieldField;
    location    "1/lagrangian/kinematicCloud";
    object      collisionRecordsPairOrigIdOfOther;
}
// * * * * * * * * * * * * * * * * * * * * * * * * * * * * * * * * * * * * * //


500
(
0()
0()
0()
0()
0()
0()
0()
0()
0()
0()
0()
0()
0()
0()
0()
0()
0()
0()
0()
0()
0()
0()
0()
0()
0()
0()
0()
0()
0()
0()
0()
0()
0()
0()
0()
0()
0()
0()
0()
0()
0()
0()
0()
0()
0()
0()
0()
0()
0()
0()
0()
0()
0()
0()
0()
0()
0()
0()
0()
0()
0()
0()
0()
0()
0()
0()
0()
0()
0()
0()
0()
0()
0()
0()
0()
0()
0()
0()
0()
0()
0()
0()
0()
0()
0()
0()
0()
0()
0()
0()
0()
0()
0()
0()
0()
0()
0()
0()
0()
0()
0()
0()
1(151)
0()
0()
0()
0()
0()
0()
0()
0()
0()
0()
0()
0()
0()
0()
0()
0()
0()
0()
0()
0()
0()
0()
0()
0()
0()
0()
0()
0()
0()
0()
0()
0()
0()
0()
0()
0()
0()
0()
0()
0()
0()
0()
0()
0()
0()
0()
0()
0()
1(102)
0()
0()
0()
0()
0()
0()
0()
0()
0()
0()
0()
0()
0()
0()
0()
0()
0()
0()
0()
0()
0()
0()
0()
0()
0()
0()
0()
0()
0()
0()
0()
0()
0()
0()
0()
0()
0()
0()
0()
0()
0()
0()
0()
0()
0()
0()
0()
0()
0()
0()
0()
0()
0()
0()
0()
0()
0()
0()
0()
0()
0()
0()
0()
0()
0()
0()
0()
0()
0()
0()
0()
0()
0()
0()
0()
0()
0()
0()
0()
0()
0()
0()
0()
0()
0()
0()
0()
0()
0()
0()
0()
0()
0()
0()
0()
0()
0()
0()
0()
0()
0()
0()
0()
0()
0()
0()
0()
0()
1(262)
0()
1(260)
0()
0()
0()
0()
0()
0()
0()
0()
0()
0()
0()
0()
0()
0()
0()
0()
0()
0()
0()
0()
0()
0()
0()
0()
0()
0()
0()
0()
0()
0()
0()
0()
0()
0()
0()
0()
0()
0()
0()
0()
0()
0()
0()
0()
0()
0()
0()
0()
0()
0()
0()
0()
0()
0()
0()
0()
0()
0()
0()
0()
0()
0()
0()
0()
0()
0()
0()
0()
0()
0()
0()
0()
0()
0()
0()
0()
0()
0()
0()
0()
0()
0()
0()
0()
0()
0()
0()
0()
0()
0()
0()
0()
0()
0()
0()
0()
0()
0()
0()
0()
0()
0()
0()
0()
0()
0()
0()
0()
0()
0()
0()
0()
0()
0()
0()
0()
0()
0()
0()
0()
0()
0()
0()
0()
0()
0()
0()
0()
0()
0()
0()
0()
0()
0()
0()
0()
0()
0()
0()
0()
0()
0()
0()
0()
0()
0()
0()
0()
0()
0()
0()
0()
0()
0()
0()
0()
0()
0()
0()
0()
0()
0()
0()
0()
0()
0()
0()
0()
0()
0()
0()
0()
0()
0()
0()
0()
0()
0()
0()
0()
0()
0()
0()
0()
0()
0()
0()
0()
0()
0()
0()
0()
0()
0()
0()
0()
0()
0()
0()
0()
0()
0()
0()
0()
0()
0()
0()
0()
0()
0()
0()
0()
0()
0()
0()
0()
0()
0()
0()
0()
0()
0()
0()
0()
0()
0()
0()
0()
0()
0()
0()
0()
0()
0()
0()
0()
0()
)


// ************************************************************************* //
